08-11-20	11:01
Amplitude: 0,20 V
Freq  (Hz) 	 Gain (dB)  	 Phase (deg)
  1,000             -5,202            -95,418
  1,023             -4,999            -95,474
  1,047             -4,797            -95,617
  1,072             -4,596            -95,725
  1,096             -4,393            -95,905
  1,122             -4,195            -95,978
  1,148             -3,997            -96,144
  1,175             -3,798            -96,318
  1,202             -3,598            -96,434
  1,230             -3,407            -96,668
  1,259             -3,213            -96,724
  1,288             -3,017            -96,925
  1,318             -2,823            -97,038
  1,349             -2,618            -97,171
  1,380             -2,421            -97,395
  1,413             -2,225            -97,521
  1,445             -2,029            -97,722
  1,479             -1,834            -97,857
  1,514             -1,638            -98,103
  1,549             -1,442            -98,276
  1,585             -1,250            -98,474
  1,622             -1,057            -98,638
  1,660             -0,862            -98,842
  1,698             -0,664            -99,023
  1,738             -0,470            -99,261
  1,778             -0,275            -99,442
  1,820             -0,080            -99,669
  1,862              0,112            -99,909
  1,905              0,308            -100,138
  1,950              0,503            -100,326
  1,995              0,700            -100,581
  2,042              0,892            -100,849
  2,089              1,086            -101,051
  2,138              1,278            -101,314
  2,188              1,467            -101,612
  2,239              1,658            -101,871
  2,291              1,849            -102,118
  2,344              2,040            -102,383
  2,399              2,231            -102,675
  2,455              2,422            -102,957
  2,512              2,611            -103,256
  2,570              2,800            -103,532
  2,630              2,988            -103,842
  2,692              3,178            -104,142
  2,754              3,366            -104,468
  2,818              3,551            -104,769
  2,884              3,739            -105,121
  2,951              3,926            -105,467
  3,020              4,111            -105,805
  3,090              4,296            -106,134
  3,162              4,481            -106,494
  3,236              4,665            -106,870
  3,311              4,847            -107,242
  3,388              5,029            -107,632
  3,467              5,209            -107,985
  3,548              5,391            -108,394
  3,631              5,569            -108,778
  3,715              5,746            -109,184
  3,802              5,925            -109,605
  3,890              6,103            -110,034
  3,981              6,279            -110,455
  4,074              6,454            -110,883
  4,169              6,628            -111,353
  4,266              6,802            -111,774
  4,365              6,973            -112,244
  4,467              7,143            -112,698
  4,571              7,312            -113,180
  4,677              7,483            -113,680
  4,786              7,651            -114,165
  4,898              7,815            -114,651
  5,012              7,982            -115,164
  5,129              8,143            -115,687
  5,248              8,307            -116,198
  5,370              8,465            -116,730
  5,495              8,623            -117,242
  5,623              8,783            -117,795
  5,754              8,936            -118,350
  5,888              9,092            -118,904
  6,026              9,242            -119,456
  6,166              9,394            -120,042
  6,310              9,543            -120,605
  6,457              9,690            -121,192
  6,607              9,834            -121,773
  6,761              9,980            -122,374
  6,918             10,122            -122,993
  7,079             10,258            -123,572
  7,244             10,400            -124,195
  7,413             10,534            -124,808
  7,586             10,669            -125,443
  7,762             10,799            -126,056
  7,943             10,928            -126,688
  8,128             11,056            -127,333
  8,318             11,182            -127,962
  8,511             11,304            -128,603
  8,710             11,426            -129,255
  8,913             11,543            -129,902
  9,120             11,661            -130,570
  9,333             11,771            -131,193
  9,550             11,886            -131,876
  9,772             11,996            -132,515
 10,000             12,101            -133,176
 10,233             12,208            -133,846
 10,471             12,309            -134,491
 10,715             12,410            -135,166
 10,965             12,505            -135,805
 11,220             12,601            -136,470
 11,482             12,693            -137,112
 11,749             12,784            -137,773
 12,023             12,871            -138,441
 12,303             12,960            -139,082
 12,589             13,046            -139,754
 12,882             13,128            -140,406
 13,183             13,205            -141,028
 13,490             13,286            -141,720
 13,804             13,363            -142,347
 14,125             13,434            -142,977
 14,454             13,505            -143,601
 14,791             13,575            -144,246
 15,136             13,641            -144,861
 15,488             13,706            -145,485
 15,849             13,770            -146,124
 16,218             13,831            -146,727
 16,596             13,890            -147,328
 16,982             13,948            -147,939
 17,378             14,006            -148,571
 17,783             14,059            -149,151
 18,197             14,108            -149,705
 18,621             14,160            -150,302
 19,055             14,207            -150,866
 19,498             14,255            -151,440
 19,953             14,301            -152,007
 20,417             14,343            -152,552
 20,893             14,385            -153,101
 21,380             14,426            -153,639
 21,878             14,465            -154,173
 22,387             14,502            -154,685
 22,909             14,538            -155,211
 23,442             14,573            -155,715
 23,988             14,606            -156,208
 24,547             14,638            -156,709
 25,119             14,668            -157,194
 25,704             14,698            -157,673
 26,303             14,727            -158,153
 26,915             14,754            -158,612
 27,542             14,781            -159,071
 28,184             14,806            -159,531
 28,840             14,831            -159,966
 29,512             14,854            -160,408
 30,200             14,877            -160,827
 30,903             14,899            -161,241
 31,623             14,919            -161,652
 32,359             14,940            -162,065
 33,113             14,959            -162,465
 33,884             14,977            -162,846
 34,674             14,994            -163,235
 35,481             15,010            -163,632
 36,308             15,026            -163,985
 37,154             15,040            -164,340
 38,019             15,054            -164,715
 38,905             15,066            -165,081
 39,811             15,079            -165,415
 40,738             15,090            -165,760
 41,687             15,100            -166,096
 42,658             15,109            -166,419
 43,652             15,118            -166,740
 44,668             15,127            -167,067
 45,709             15,137            -167,366
 46,774             15,145            -167,672
 47,863             15,154            -167,959
 48,978             15,163            -168,272
 50,119             15,171            -168,555
 51,286             15,180            -168,837
 52,481             15,189            -169,102
 53,703             15,197            -169,371
 54,954             15,205            -169,655
 56,234             15,211            -169,901
 57,544             15,219            -170,156
 58,884             15,225            -170,422
 60,256             15,231            -170,652
 61,660             15,239            -170,909
 63,096             15,245            -171,106
 64,565             15,251            -171,330
 66,069             15,256            -171,569
 67,608             15,261            -171,787
 69,183             15,265            -172,010
 70,795             15,270            -172,263
 72,444             15,274            -172,490
 74,131             15,278            -172,641
 75,858             15,282            -172,849
 77,625             15,286            -173,047
 79,433             15,290            -173,247
 81,283             15,293            -173,440
 83,176             15,296            -173,681
 85,114             15,300            -173,830
 87,096             15,303            -174,061
 89,125             15,306            -174,182
 91,201             15,308            -174,434
 93,325             15,310            -174,609
 95,499             15,313            -174,763
 97,724             15,315            -174,965
100,000             15,318            -175,119
102,329             15,320            -175,217
104,713             15,322            -175,453
107,152             15,324            -175,548
109,648             15,326            -175,782
112,202             15,327            -175,951
114,815             15,330            -176,026
117,490             15,330            -176,231
120,226             15,332            -176,419
123,027             15,335            -176,481
125,893             15,336            -176,638
128,825             15,335            -176,740
131,826             15,336            -176,983
134,896             15,337            -177,046
138,038             15,339            -177,268
141,254             15,340            -177,435
144,544             15,341            -177,561
147,911             15,343            -177,563
151,356             15,343            -177,814
154,882             15,344            -177,857
158,489             15,344            -178,125
162,181             15,345            -178,141
165,959             15,346            -178,366
169,824             15,346            -178,507
173,780             15,347            -178,645
177,828             15,347            -178,766
181,970             15,347            -178,897
186,209             15,348            -179,014
190,546             15,348            -179,157
194,984             15,349            -179,256
199,526             15,349            -179,267
204,174             15,349            -179,396
208,930             15,350            -179,517
213,796             15,350            -179,643
218,776             15,350            -179,764
223,872             15,349            180,106
229,087             15,350            179,984
234,423             15,349            179,860
239,883             15,349            179,568
245,471             15,349            179,611
251,189             15,349            179,309
257,040             15,349            179,369
263,027             15,349            179,050
269,153             15,348            179,116
275,423             15,347            178,800
281,838             15,347            178,868
288,403             15,346            178,532
295,121             15,346            178,486
301,995             15,345            178,261
309,030             15,345            178,130
316,228             15,344            178,222
323,594             15,343            177,869
331,131             15,343            177,818
338,844             15,342            177,832
346,737             15,341            177,548
354,813             15,339            177,411
363,078             15,339            177,272
371,535             15,338            177,066
380,189             15,337            176,941
389,045             15,335            177,025
398,107             15,334            176,867
407,380             15,336            176,583
416,869             15,330            176,358
426,580             15,329            176,250
436,516             15,328            175,971
446,684             15,326            175,929
457,088             15,324            175,787
467,735             15,322            175,619
478,630             15,321            175,455
489,779             15,318            175,160
501,187             15,316            174,991
512,861             15,313            174,949
524,807             15,311            174,708
537,032             15,309            174,625
549,541             15,306            174,416
562,341             15,303            174,246
575,440             15,300            174,079
588,844             15,297            173,900
602,560             15,292            173,671
616,595             15,291            173,513
630,957             15,287            173,319
645,654             15,283            173,113
660,693             15,279            172,908
676,083             15,276            172,701
691,831             15,272            172,808
707,946             15,267            172,291
724,436             15,262            172,393
741,310             15,257            171,844
758,578             15,252            171,618
776,247             15,247            171,396
794,328             15,246            171,136
812,831             15,235            170,805
831,764             15,229            170,694
851,138             15,223            170,445
870,964             15,216            170,182
891,251             15,210            169,946
912,011             15,203            169,689
933,254             15,195            169,425
954,993             15,187            169,143
977,237             15,179            168,880
1000,000             15,169            169,042
1023,293             15,161            168,309
1047,129             15,151            168,027
1071,519             15,142            167,730
1096,478             15,131            167,406
1122,018             15,121            167,119
1148,154             15,110            166,812
1174,898             15,098            166,493
1202,264             15,080            166,112
1230,269             15,073            165,834
1258,925             15,059            165,499
1288,250             15,045            165,155
1318,257             15,030            164,779
1348,963             15,016            164,447
1380,384             15,000            164,080
1412,538             14,983            163,707
1445,440             14,966            163,321
1479,108             14,948            162,960
1513,561             14,930            162,580
1548,817             14,911            162,189
1584,893             14,890            161,789
1621,810             14,868            161,346
1659,587             14,846            160,926
1698,244             14,823            160,506
1737,801             14,800            159,606
1778,279             14,775            159,639
1819,701             14,749            159,183
1862,087             14,723            158,748
1905,461             14,695            158,298
1949,845             14,665            157,825
1995,262             14,636            157,345
2041,738             14,603            156,863
2089,296             14,570            156,379
2137,962             14,537            155,877
2187,762             14,500            155,352
2238,721             14,464            154,861
2290,868             14,427            154,353
2344,229             14,387            153,816
2398,833             14,342            153,225
2454,709             14,302            152,744
2511,886             14,259            152,195
2570,396             14,212            151,621
2630,268             14,156            151,958
2691,535             14,116            150,514
2754,229             14,065            149,931
2818,383             14,014            149,375
2884,032             13,962            148,813
2951,209             13,905            148,204
3019,952             13,847            147,621
3090,295             13,788            147,022
3162,278             13,725            146,392
3235,937             13,663            145,806
3311,311             13,593            145,149
3388,442             13,525            144,843
3467,369             13,458            143,928
3548,134             13,385            143,271
3630,781             13,315            142,676
3715,352             13,238            142,040
3801,894             13,160            141,401
3890,451             13,078            140,749
3981,072             12,989            140,076
4073,803             12,912            139,462
4168,694             12,821            138,787
4265,795             12,738            138,202
4365,158             12,643            137,511
4466,836             12,552            136,876
4570,882             12,456            136,226
4677,351             12,356            135,559
4786,301             12,260            134,930
4897,788             12,150            134,228
5011,872             12,052            133,635
5128,614             11,941            132,953
5248,075             11,828            132,279
5370,318             11,718            131,603
5495,409             11,602            130,993
5623,413             11,490            130,372
5754,399             11,371            129,732
5888,437             11,256            129,124
6025,596             11,131            128,471
6165,950             11,007            127,850
6309,573             10,876            127,203
6456,542             10,747            126,580
6606,934             10,624            126,017
6760,830             10,486            125,365
6918,310             10,348            124,745
7079,458             10,209            124,135
7244,360             10,073            123,552
7413,102              9,937            122,992
7585,776              9,793            122,399
7762,471              9,645            121,792
7943,282              9,508            121,275
8128,305              9,360            120,702
8317,638              9,207            120,130
8511,380              9,057            119,581
8709,636              8,904            119,027
8912,509              8,748            118,486
9120,108              8,591            117,949
9332,543              8,431            117,413
9549,926              8,282            116,938
9772,372              8,121            116,429
10000,000              7,975            113,305
10232,930              7,787            115,386
10471,285              7,634            114,943
10715,193              7,457            114,411
10964,782              7,301            113,982
11220,185              7,125            113,485
11481,536              6,955            113,021
11748,976              6,795            112,617
12022,644              6,621            112,161
12302,688              6,447            111,716
12589,254              6,280            111,308
12882,496              6,092            110,833
13182,567              5,929            110,481
13489,629              5,755            110,078
13803,843              5,565            109,629
14125,375              5,399            109,279
14454,398              5,213            108,870
14791,084              5,035            108,497
15135,612              4,853            108,117
15488,166              4,675            107,765
15848,932              4,497            107,424
16218,101              4,315            107,075
16595,869              4,127            106,719
16982,437              3,941            106,376
17378,008              3,760            106,051
17782,794              3,573            105,732
18197,009              3,389            104,398
18620,871              3,205            105,117
19054,607              2,971            105,072
19498,446              2,835            104,531
19952,623              2,643            104,215
