v3	V(vout)
-1.000000000000000e+000	-1.566090e+000
-9.990000000000000e-001	-1.562229e+000
-9.980000000000000e-001	-1.558379e+000
-9.970000000000000e-001	-1.554532e+000
-9.960000000000000e-001	-1.550690e+000
-9.950000000000000e-001	-1.546854e+000
-9.940000000000000e-001	-1.543023e+000
-9.930000000000000e-001	-1.539198e+000
-9.920000000000000e-001	-1.535379e+000
-9.910000000000000e-001	-1.531566e+000
-9.900000000000000e-001	-1.527758e+000
-9.890000000000000e-001	-1.523957e+000
-9.880000000000000e-001	-1.520161e+000
-9.870000000000000e-001	-1.516372e+000
-9.860000000000000e-001	-1.512589e+000
-9.850000000000000e-001	-1.508811e+000
-9.840000000000000e-001	-1.505041e+000
-9.830000000000000e-001	-1.501276e+000
-9.820000000000000e-001	-1.497518e+000
-9.810000000000000e-001	-1.493767e+000
-9.800000000000000e-001	-1.490022e+000
-9.790000000000000e-001	-1.486284e+000
-9.780000000000000e-001	-1.482553e+000
-9.770000000000000e-001	-1.478828e+000
-9.760000000000000e-001	-1.475110e+000
-9.750000000000000e-001	-1.471400e+000
-9.740000000000000e-001	-1.467696e+000
-9.730000000000000e-001	-1.464000e+000
-9.720000000000000e-001	-1.460311e+000
-9.710000000000000e-001	-1.456629e+000
-9.700000000000000e-001	-1.452954e+000
-9.690000000000000e-001	-1.449288e+000
-9.680000000000000e-001	-1.445628e+000
-9.670000000000000e-001	-1.441977e+000
-9.660000000000000e-001	-1.438333e+000
-9.650000000000000e-001	-1.434697e+000
-9.640000000000000e-001	-1.431069e+000
-9.630000000000000e-001	-1.427449e+000
-9.620000000000000e-001	-1.423837e+000
-9.610000000000000e-001	-1.420234e+000
-9.600000000000000e-001	-1.416639e+000
-9.590000000000000e-001	-1.413052e+000
-9.580000000000000e-001	-1.409474e+000
-9.570000000000000e-001	-1.405905e+000
-9.560000000000000e-001	-1.402344e+000
-9.550000000000000e-001	-1.398792e+000
-9.540000000000000e-001	-1.395249e+000
-9.530000000000000e-001	-1.391715e+000
-9.520000000000000e-001	-1.388191e+000
-9.510000000000000e-001	-1.384675e+000
-9.500000000000000e-001	-1.381169e+000
-9.490000000000000e-001	-1.377673e+000
-9.480000000000000e-001	-1.374186e+000
-9.470000000000000e-001	-1.370709e+000
-9.460000000000000e-001	-1.367242e+000
-9.450000000000000e-001	-1.363784e+000
-9.440000000000000e-001	-1.360337e+000
-9.430000000000000e-001	-1.356900e+000
-9.420000000000000e-001	-1.353473e+000
-9.410000000000000e-001	-1.350056e+000
-9.400000000000000e-001	-1.346650e+000
-9.390000000000000e-001	-1.343255e+000
-9.379999999999999e-001	-1.339870e+000
-9.369999999999999e-001	-1.336496e+000
-9.359999999999999e-001	-1.333133e+000
-9.349999999999999e-001	-1.329782e+000
-9.339999999999999e-001	-1.326441e+000
-9.329999999999999e-001	-1.323112e+000
-9.319999999999999e-001	-1.319794e+000
-9.309999999999999e-001	-1.316488e+000
-9.299999999999999e-001	-1.313193e+000
-9.289999999999999e-001	-1.309910e+000
-9.279999999999999e-001	-1.306639e+000
-9.269999999999999e-001	-1.303380e+000
-9.259999999999999e-001	-1.300133e+000
-9.249999999999999e-001	-1.296898e+000
-9.239999999999999e-001	-1.293676e+000
-9.229999999999999e-001	-1.290466e+000
-9.219999999999999e-001	-1.287269e+000
-9.209999999999999e-001	-1.284084e+000
-9.199999999999999e-001	-1.280912e+000
-9.189999999999999e-001	-1.277753e+000
-9.179999999999999e-001	-1.274606e+000
-9.169999999999999e-001	-1.271473e+000
-9.159999999999999e-001	-1.268353e+000
-9.149999999999999e-001	-1.265247e+000
-9.139999999999999e-001	-1.262154e+000
-9.129999999999999e-001	-1.259074e+000
-9.119999999999999e-001	-1.256007e+000
-9.109999999999999e-001	-1.252955e+000
-9.099999999999999e-001	-1.249916e+000
-9.089999999999999e-001	-1.246891e+000
-9.079999999999999e-001	-1.243879e+000
-9.069999999999999e-001	-1.240882e+000
-9.059999999999999e-001	-1.237899e+000
-9.049999999999999e-001	-1.234929e+000
-9.039999999999999e-001	-1.231974e+000
-9.029999999999999e-001	-1.229033e+000
-9.019999999999999e-001	-1.226107e+000
-9.009999999999999e-001	-1.223195e+000
-8.999999999999999e-001	-1.220297e+000
-8.989999999999999e-001	-1.217413e+000
-8.979999999999999e-001	-1.214544e+000
-8.969999999999999e-001	-1.211689e+000
-8.959999999999999e-001	-1.208849e+000
-8.949999999999999e-001	-1.206024e+000
-8.939999999999999e-001	-1.203212e+000
-8.929999999999999e-001	-1.200416e+000
-8.919999999999999e-001	-1.197634e+000
-8.909999999999999e-001	-1.194866e+000
-8.899999999999999e-001	-1.192114e+000
-8.889999999999999e-001	-1.189375e+000
-8.879999999999999e-001	-1.186651e+000
-8.869999999999999e-001	-1.183942e+000
-8.859999999999999e-001	-1.181247e+000
-8.849999999999999e-001	-1.178566e+000
-8.839999999999999e-001	-1.175900e+000
-8.829999999999999e-001	-1.173248e+000
-8.819999999999999e-001	-1.170611e+000
-8.809999999999999e-001	-1.167988e+000
-8.799999999999999e-001	-1.165378e+000
-8.789999999999999e-001	-1.162783e+000
-8.779999999999999e-001	-1.160202e+000
-8.769999999999999e-001	-1.157635e+000
-8.759999999999999e-001	-1.155082e+000
-8.749999999999999e-001	-1.152542e+000
-8.739999999999999e-001	-1.150016e+000
-8.729999999999999e-001	-1.147503e+000
-8.719999999999999e-001	-1.145004e+000
-8.709999999999999e-001	-1.142519e+000
-8.699999999999999e-001	-1.140046e+000
-8.689999999999999e-001	-1.137586e+000
-8.679999999999999e-001	-1.135140e+000
-8.669999999999999e-001	-1.132706e+000
-8.659999999999999e-001	-1.130284e+000
-8.649999999999999e-001	-1.127875e+000
-8.639999999999999e-001	-1.125479e+000
-8.629999999999999e-001	-1.123095e+000
-8.619999999999999e-001	-1.120722e+000
-8.609999999999999e-001	-1.118362e+000
-8.599999999999999e-001	-1.116013e+000
-8.589999999999999e-001	-1.113676e+000
-8.579999999999999e-001	-1.111350e+000
-8.569999999999999e-001	-1.109035e+000
-8.559999999999999e-001	-1.106731e+000
-8.549999999999999e-001	-1.104438e+000
-8.539999999999999e-001	-1.102156e+000
-8.529999999999999e-001	-1.099884e+000
-8.519999999999999e-001	-1.097623e+000
-8.509999999999999e-001	-1.095371e+000
-8.499999999999999e-001	-1.093130e+000
-8.489999999999999e-001	-1.090898e+000
-8.479999999999999e-001	-1.088676e+000
-8.469999999999999e-001	-1.086463e+000
-8.459999999999999e-001	-1.084260e+000
-8.449999999999999e-001	-1.082065e+000
-8.439999999999999e-001	-1.079879e+000
-8.429999999999999e-001	-1.077702e+000
-8.419999999999999e-001	-1.075534e+000
-8.409999999999999e-001	-1.073373e+000
-8.399999999999999e-001	-1.071221e+000
-8.389999999999999e-001	-1.069077e+000
-8.379999999999999e-001	-1.066940e+000
-8.369999999999999e-001	-1.064811e+000
-8.359999999999999e-001	-1.062690e+000
-8.349999999999999e-001	-1.060575e+000
-8.339999999999999e-001	-1.058468e+000
-8.329999999999999e-001	-1.056368e+000
-8.319999999999999e-001	-1.054274e+000
-8.309999999999999e-001	-1.052187e+000
-8.299999999999999e-001	-1.050107e+000
-8.289999999999999e-001	-1.048032e+000
-8.279999999999999e-001	-1.045964e+000
-8.269999999999999e-001	-1.043902e+000
-8.259999999999999e-001	-1.041845e+000
-8.249999999999998e-001	-1.039795e+000
-8.239999999999998e-001	-1.037749e+000
-8.229999999999998e-001	-1.035709e+000
-8.219999999999998e-001	-1.033675e+000
-8.209999999999998e-001	-1.031645e+000
-8.199999999999998e-001	-1.029621e+000
-8.189999999999998e-001	-1.027601e+000
-8.179999999999998e-001	-1.025586e+000
-8.169999999999998e-001	-1.023575e+000
-8.159999999999998e-001	-1.021569e+000
-8.149999999999998e-001	-1.019568e+000
-8.139999999999998e-001	-1.017570e+000
-8.129999999999998e-001	-1.015577e+000
-8.119999999999998e-001	-1.013588e+000
-8.109999999999998e-001	-1.011603e+000
-8.099999999999998e-001	-1.009621e+000
-8.089999999999998e-001	-1.007644e+000
-8.079999999999998e-001	-1.005670e+000
-8.069999999999998e-001	-1.003699e+000
-8.059999999999998e-001	-1.001732e+000
-8.049999999999998e-001	-9.997680e-001
-8.039999999999998e-001	-9.978073e-001
-8.029999999999998e-001	-9.958499e-001
-8.019999999999998e-001	-9.938956e-001
-8.009999999999998e-001	-9.919443e-001
-7.999999999999998e-001	-9.899958e-001
-7.989999999999998e-001	-9.880503e-001
-7.979999999999998e-001	-9.861075e-001
-7.969999999999998e-001	-9.841675e-001
-7.959999999999998e-001	-9.822301e-001
-7.949999999999998e-001	-9.802952e-001
-7.939999999999998e-001	-9.783629e-001
-7.929999999999998e-001	-9.764329e-001
-7.919999999999998e-001	-9.745054e-001
-7.909999999999998e-001	-9.725803e-001
-7.899999999999998e-001	-9.706573e-001
-7.889999999999998e-001	-9.687367e-001
-7.879999999999998e-001	-9.668182e-001
-7.869999999999998e-001	-9.649017e-001
-7.859999999999998e-001	-9.629874e-001
-7.849999999999998e-001	-9.610751e-001
-7.839999999999998e-001	-9.591648e-001
-7.829999999999998e-001	-9.572564e-001
-7.819999999999998e-001	-9.553499e-001
-7.809999999999998e-001	-9.534453e-001
-7.799999999999998e-001	-9.515424e-001
-7.789999999999998e-001	-9.496414e-001
-7.779999999999998e-001	-9.477420e-001
-7.769999999999998e-001	-9.458444e-001
-7.759999999999998e-001	-9.439485e-001
-7.749999999999998e-001	-9.420542e-001
-7.739999999999998e-001	-9.401615e-001
-7.729999999999998e-001	-9.382704e-001
-7.719999999999998e-001	-9.363808e-001
-7.709999999999998e-001	-9.344928e-001
-7.699999999999998e-001	-9.326062e-001
-7.689999999999998e-001	-9.307211e-001
-7.679999999999998e-001	-9.288375e-001
-7.669999999999998e-001	-9.269553e-001
-7.659999999999998e-001	-9.250745e-001
-7.649999999999998e-001	-9.231951e-001
-7.639999999999998e-001	-9.213170e-001
-7.629999999999998e-001	-9.194403e-001
-7.619999999999998e-001	-9.175650e-001
-7.609999999999998e-001	-9.156909e-001
-7.599999999999998e-001	-9.138181e-001
-7.589999999999998e-001	-9.119467e-001
-7.579999999999998e-001	-9.100764e-001
-7.569999999999998e-001	-9.082074e-001
-7.559999999999998e-001	-9.063397e-001
-7.549999999999998e-001	-9.044732e-001
-7.539999999999998e-001	-9.026079e-001
-7.529999999999998e-001	-9.007438e-001
-7.519999999999998e-001	-8.988809e-001
-7.509999999999998e-001	-8.970191e-001
-7.499999999999998e-001	-8.951586e-001
-7.489999999999998e-001	-8.932992e-001
-7.479999999999998e-001	-8.914410e-001
-7.469999999999998e-001	-8.895839e-001
-7.459999999999998e-001	-8.877280e-001
-7.449999999999998e-001	-8.858732e-001
-7.439999999999998e-001	-8.840196e-001
-7.429999999999998e-001	-8.821670e-001
-7.419999999999998e-001	-8.803156e-001
-7.409999999999998e-001	-8.784653e-001
-7.399999999999998e-001	-8.766162e-001
-7.389999999999998e-001	-8.747681e-001
-7.379999999999998e-001	-8.729212e-001
-7.369999999999998e-001	-8.710753e-001
-7.359999999999998e-001	-8.692306e-001
-7.349999999999998e-001	-8.673870e-001
-7.339999999999998e-001	-8.655444e-001
-7.329999999999998e-001	-8.637031e-001
-7.319999999999998e-001	-8.618628e-001
-7.309999999999998e-001	-8.600236e-001
-7.299999999999998e-001	-8.581855e-001
-7.289999999999998e-001	-8.563485e-001
-7.279999999999998e-001	-8.545126e-001
-7.269999999999998e-001	-8.526779e-001
-7.259999999999998e-001	-8.508443e-001
-7.249999999999998e-001	-8.490118e-001
-7.239999999999998e-001	-8.471804e-001
-7.229999999999998e-001	-8.453501e-001
-7.219999999999998e-001	-8.435210e-001
-7.209999999999998e-001	-8.416930e-001
-7.199999999999998e-001	-8.398661e-001
-7.189999999999998e-001	-8.380404e-001
-7.179999999999998e-001	-8.362159e-001
-7.169999999999998e-001	-8.343924e-001
-7.159999999999998e-001	-8.325701e-001
-7.149999999999998e-001	-8.307491e-001
-7.139999999999998e-001	-8.289292e-001
-7.129999999999998e-001	-8.271104e-001
-7.119999999999997e-001	-8.252929e-001
-7.109999999999997e-001	-8.234765e-001
-7.099999999999997e-001	-8.216614e-001
-7.089999999999997e-001	-8.198474e-001
-7.079999999999997e-001	-8.180347e-001
-7.069999999999997e-001	-8.162232e-001
-7.059999999999997e-001	-8.144129e-001
-7.049999999999997e-001	-8.126039e-001
-7.039999999999997e-001	-8.107961e-001
-7.029999999999997e-001	-8.089896e-001
-7.019999999999997e-001	-8.071844e-001
-7.009999999999997e-001	-8.053804e-001
-6.999999999999997e-001	-8.035778e-001
-6.989999999999997e-001	-8.017764e-001
-6.979999999999997e-001	-7.999763e-001
-6.969999999999997e-001	-7.981777e-001
-6.959999999999997e-001	-7.963803e-001
-6.949999999999997e-001	-7.945843e-001
-6.939999999999997e-001	-7.927896e-001
-6.929999999999997e-001	-7.909963e-001
-6.919999999999997e-001	-7.892044e-001
-6.909999999999997e-001	-7.874139e-001
-6.899999999999997e-001	-7.856249e-001
-6.889999999999997e-001	-7.838372e-001
-6.879999999999997e-001	-7.820510e-001
-6.869999999999997e-001	-7.802662e-001
-6.859999999999997e-001	-7.784829e-001
-6.849999999999997e-001	-7.767011e-001
-6.839999999999997e-001	-7.749208e-001
-6.829999999999997e-001	-7.731420e-001
-6.819999999999997e-001	-7.713647e-001
-6.809999999999997e-001	-7.695891e-001
-6.799999999999997e-001	-7.678149e-001
-6.789999999999997e-001	-7.660424e-001
-6.779999999999997e-001	-7.642714e-001
-6.769999999999997e-001	-7.625020e-001
-6.759999999999997e-001	-7.607343e-001
-6.749999999999997e-001	-7.589682e-001
-6.739999999999997e-001	-7.572038e-001
-6.729999999999997e-001	-7.554411e-001
-6.719999999999997e-001	-7.536801e-001
-6.709999999999997e-001	-7.519208e-001
-6.699999999999997e-001	-7.501632e-001
-6.689999999999997e-001	-7.484074e-001
-6.679999999999997e-001	-7.466534e-001
-6.669999999999997e-001	-7.449012e-001
-6.659999999999997e-001	-7.431508e-001
-6.649999999999997e-001	-7.414023e-001
-6.639999999999997e-001	-7.396556e-001
-6.629999999999997e-001	-7.379109e-001
-6.619999999999997e-001	-7.361680e-001
-6.609999999999997e-001	-7.344271e-001
-6.599999999999997e-001	-7.326881e-001
-6.589999999999997e-001	-7.309511e-001
-6.579999999999997e-001	-7.292161e-001
-6.569999999999997e-001	-7.274832e-001
-6.559999999999997e-001	-7.257522e-001
-6.549999999999997e-001	-7.240234e-001
-6.539999999999997e-001	-7.222967e-001
-6.529999999999997e-001	-7.205721e-001
-6.519999999999997e-001	-7.188497e-001
-6.509999999999997e-001	-7.171294e-001
-6.499999999999997e-001	-7.154113e-001
-6.489999999999997e-001	-7.136955e-001
-6.479999999999997e-001	-7.119820e-001
-6.469999999999997e-001	-7.102707e-001
-6.459999999999997e-001	-7.085618e-001
-6.449999999999997e-001	-7.068552e-001
-6.439999999999997e-001	-7.051510e-001
-6.429999999999997e-001	-7.034491e-001
-6.419999999999997e-001	-7.017498e-001
-6.409999999999997e-001	-7.000529e-001
-6.399999999999997e-001	-6.983585e-001
-6.389999999999997e-001	-6.966667e-001
-6.379999999999997e-001	-6.949774e-001
-6.369999999999997e-001	-6.932907e-001
-6.359999999999997e-001	-6.916066e-001
-6.349999999999997e-001	-6.899253e-001
-6.339999999999997e-001	-6.882465e-001
-6.329999999999997e-001	-6.865706e-001
-6.319999999999997e-001	-6.848974e-001
-6.309999999999997e-001	-6.832271e-001
-6.299999999999997e-001	-6.815595e-001
-6.289999999999997e-001	-6.798949e-001
-6.279999999999997e-001	-6.782331e-001
-6.269999999999997e-001	-6.765743e-001
-6.259999999999997e-001	-6.749185e-001
-6.249999999999997e-001	-6.732658e-001
-6.239999999999997e-001	-6.716160e-001
-6.229999999999997e-001	-6.699694e-001
-6.219999999999997e-001	-6.683260e-001
-6.209999999999997e-001	-6.666858e-001
-6.199999999999997e-001	-6.650487e-001
-6.189999999999997e-001	-6.634150e-001
-6.179999999999997e-001	-6.617845e-001
-6.169999999999997e-001	-6.601574e-001
-6.159999999999997e-001	-6.585337e-001
-6.149999999999997e-001	-6.569135e-001
-6.139999999999997e-001	-6.552967e-001
-6.129999999999997e-001	-6.536834e-001
-6.119999999999997e-001	-6.520738e-001
-6.109999999999997e-001	-6.504678e-001
-6.099999999999997e-001	-6.488653e-001
-6.089999999999997e-001	-6.472666e-001
-6.079999999999997e-001	-6.456717e-001
-6.069999999999997e-001	-6.440806e-001
-6.059999999999997e-001	-6.424933e-001
-6.049999999999997e-001	-6.409099e-001
-6.039999999999997e-001	-6.393305e-001
-6.029999999999997e-001	-6.377550e-001
-6.019999999999997e-001	-6.361836e-001
-6.009999999999997e-001	-6.346163e-001
-5.999999999999996e-001	-6.330531e-001
-5.989999999999996e-001	-6.314940e-001
-5.979999999999996e-001	-6.299393e-001
-5.969999999999996e-001	-6.283888e-001
-5.959999999999996e-001	-6.268426e-001
-5.949999999999996e-001	-6.253007e-001
-5.939999999999996e-001	-6.237633e-001
-5.929999999999996e-001	-6.222304e-001
-5.919999999999996e-001	-6.207020e-001
-5.909999999999996e-001	-6.191782e-001
-5.899999999999996e-001	-6.176590e-001
-5.889999999999996e-001	-6.161444e-001
-5.879999999999996e-001	-6.146346e-001
-5.869999999999996e-001	-6.131295e-001
-5.859999999999996e-001	-6.116292e-001
-5.849999999999996e-001	-6.101338e-001
-5.839999999999996e-001	-6.086434e-001
-5.829999999999996e-001	-6.071578e-001
-5.819999999999996e-001	-6.056772e-001
-5.809999999999996e-001	-6.042017e-001
-5.799999999999996e-001	-6.027312e-001
-5.789999999999996e-001	-6.012659e-001
-5.779999999999996e-001	-5.998057e-001
-5.769999999999996e-001	-5.983508e-001
-5.759999999999996e-001	-5.969010e-001
-5.749999999999996e-001	-5.954566e-001
-5.739999999999996e-001	-5.940175e-001
-5.729999999999996e-001	-5.925837e-001
-5.719999999999996e-001	-5.911554e-001
-5.709999999999996e-001	-5.897325e-001
-5.699999999999996e-001	-5.883150e-001
-5.689999999999996e-001	-5.869030e-001
-5.679999999999996e-001	-5.854965e-001
-5.669999999999996e-001	-5.840957e-001
-5.659999999999996e-001	-5.827003e-001
-5.649999999999996e-001	-5.813106e-001
-5.639999999999996e-001	-5.799265e-001
-5.629999999999996e-001	-5.785481e-001
-5.619999999999996e-001	-5.771753e-001
-5.609999999999996e-001	-5.758082e-001
-5.599999999999996e-001	-5.744467e-001
-5.589999999999996e-001	-5.730910e-001
-5.579999999999996e-001	-5.717410e-001
-5.569999999999996e-001	-5.703967e-001
-5.559999999999996e-001	-5.690581e-001
-5.549999999999996e-001	-5.677253e-001
-5.539999999999996e-001	-5.663982e-001
-5.529999999999996e-001	-5.650768e-001
-5.519999999999996e-001	-5.637611e-001
-5.509999999999996e-001	-5.624512e-001
-5.499999999999996e-001	-5.611469e-001
-5.489999999999996e-001	-5.598484e-001
-5.479999999999996e-001	-5.585555e-001
-5.469999999999996e-001	-5.572682e-001
-5.459999999999996e-001	-5.559866e-001
-5.449999999999996e-001	-5.547106e-001
-5.439999999999996e-001	-5.534402e-001
-5.429999999999996e-001	-5.521753e-001
-5.419999999999996e-001	-5.509160e-001
-5.409999999999996e-001	-5.496621e-001
-5.399999999999996e-001	-5.484136e-001
-5.389999999999996e-001	-5.471706e-001
-5.379999999999996e-001	-5.459329e-001
-5.369999999999996e-001	-5.447006e-001
-5.359999999999996e-001	-5.434735e-001
-5.349999999999996e-001	-5.422516e-001
-5.339999999999996e-001	-5.410350e-001
-5.329999999999996e-001	-5.398234e-001
-5.319999999999996e-001	-5.386169e-001
-5.309999999999996e-001	-5.374154e-001
-5.299999999999996e-001	-5.362188e-001
-5.289999999999996e-001	-5.350271e-001
-5.279999999999996e-001	-5.338402e-001
-5.269999999999996e-001	-5.326580e-001
-5.259999999999996e-001	-5.314806e-001
-5.249999999999996e-001	-5.303077e-001
-5.239999999999996e-001	-5.291393e-001
-5.229999999999996e-001	-5.279754e-001
-5.219999999999996e-001	-5.268160e-001
-5.209999999999996e-001	-5.256608e-001
-5.199999999999996e-001	-5.245099e-001
-5.189999999999996e-001	-5.233632e-001
-5.179999999999996e-001	-5.222205e-001
-5.169999999999996e-001	-5.210819e-001
-5.159999999999996e-001	-5.199472e-001
-5.149999999999996e-001	-5.188164e-001
-5.139999999999996e-001	-5.176893e-001
-5.129999999999996e-001	-5.165659e-001
-5.119999999999996e-001	-5.154462e-001
-5.109999999999996e-001	-5.143300e-001
-5.099999999999996e-001	-5.132173e-001
-5.089999999999996e-001	-5.121080e-001
-5.079999999999996e-001	-5.110021e-001
-5.069999999999996e-001	-5.098993e-001
-5.059999999999996e-001	-5.087997e-001
-5.049999999999996e-001	-5.077032e-001
-5.039999999999996e-001	-5.066097e-001
-5.029999999999996e-001	-5.055191e-001
-5.019999999999996e-001	-5.044314e-001
-5.009999999999996e-001	-5.033464e-001
-4.999999999999996e-001	-5.022642e-001
-4.989999999999996e-001	-5.011846e-001
-4.979999999999996e-001	-5.001076e-001
-4.969999999999996e-001	-4.990332e-001
-4.959999999999996e-001	-4.979611e-001
-4.949999999999996e-001	-4.968914e-001
-4.939999999999996e-001	-4.958240e-001
-4.929999999999996e-001	-4.947588e-001
-4.919999999999996e-001	-4.936959e-001
-4.909999999999996e-001	-4.926350e-001
-4.899999999999996e-001	-4.915761e-001
-4.889999999999996e-001	-4.905193e-001
-4.879999999999996e-001	-4.894643e-001
-4.869999999999995e-001	-4.884113e-001
-4.859999999999995e-001	-4.873601e-001
-4.849999999999995e-001	-4.863106e-001
-4.839999999999995e-001	-4.852628e-001
-4.829999999999995e-001	-4.842166e-001
-4.819999999999995e-001	-4.831721e-001
-4.809999999999995e-001	-4.821291e-001
-4.799999999999995e-001	-4.810876e-001
-4.789999999999995e-001	-4.800476e-001
-4.779999999999995e-001	-4.790089e-001
-4.769999999999995e-001	-4.779717e-001
-4.759999999999995e-001	-4.769357e-001
-4.749999999999995e-001	-4.759010e-001
-4.739999999999995e-001	-4.748676e-001
-4.729999999999995e-001	-4.738353e-001
-4.719999999999995e-001	-4.728042e-001
-4.709999999999995e-001	-4.717742e-001
-4.699999999999995e-001	-4.707452e-001
-4.689999999999995e-001	-4.697173e-001
-4.679999999999995e-001	-4.686904e-001
-4.669999999999995e-001	-4.676645e-001
-4.659999999999995e-001	-4.666395e-001
-4.649999999999995e-001	-4.656154e-001
-4.639999999999995e-001	-4.645922e-001
-4.629999999999995e-001	-4.635698e-001
-4.619999999999995e-001	-4.625483e-001
-4.609999999999995e-001	-4.615275e-001
-4.599999999999995e-001	-4.605075e-001
-4.589999999999995e-001	-4.594882e-001
-4.579999999999995e-001	-4.584696e-001
-4.569999999999995e-001	-4.574517e-001
-4.559999999999995e-001	-4.564345e-001
-4.549999999999995e-001	-4.554178e-001
-4.539999999999995e-001	-4.544019e-001
-4.529999999999995e-001	-4.533864e-001
-4.519999999999995e-001	-4.523716e-001
-4.509999999999995e-001	-4.513573e-001
-4.499999999999995e-001	-4.503435e-001
-4.489999999999995e-001	-4.493303e-001
-4.479999999999995e-001	-4.483175e-001
-4.469999999999995e-001	-4.473052e-001
-4.459999999999995e-001	-4.462934e-001
-4.449999999999995e-001	-4.452820e-001
-4.439999999999995e-001	-4.442710e-001
-4.429999999999995e-001	-4.432604e-001
-4.419999999999995e-001	-4.422503e-001
-4.409999999999995e-001	-4.412405e-001
-4.399999999999995e-001	-4.402310e-001
-4.389999999999995e-001	-4.392219e-001
-4.379999999999995e-001	-4.382132e-001
-4.369999999999995e-001	-4.372048e-001
-4.359999999999995e-001	-4.361967e-001
-4.349999999999995e-001	-4.351889e-001
-4.339999999999995e-001	-4.341814e-001
-4.329999999999995e-001	-4.331742e-001
-4.319999999999995e-001	-4.321673e-001
-4.309999999999995e-001	-4.311606e-001
-4.299999999999995e-001	-4.301541e-001
-4.289999999999995e-001	-4.291479e-001
-4.279999999999995e-001	-4.281420e-001
-4.269999999999995e-001	-4.271362e-001
-4.259999999999995e-001	-4.261307e-001
-4.249999999999995e-001	-4.251254e-001
-4.239999999999995e-001	-4.241203e-001
-4.229999999999995e-001	-4.231154e-001
-4.219999999999995e-001	-4.221106e-001
-4.209999999999995e-001	-4.211061e-001
-4.199999999999995e-001	-4.201017e-001
-4.189999999999995e-001	-4.190975e-001
-4.179999999999995e-001	-4.180934e-001
-4.169999999999995e-001	-4.170895e-001
-4.159999999999995e-001	-4.160858e-001
-4.149999999999995e-001	-4.150822e-001
-4.139999999999995e-001	-4.140787e-001
-4.129999999999995e-001	-4.130753e-001
-4.119999999999995e-001	-4.120721e-001
-4.109999999999995e-001	-4.110690e-001
-4.099999999999995e-001	-4.100660e-001
-4.089999999999995e-001	-4.090632e-001
-4.079999999999995e-001	-4.080604e-001
-4.069999999999995e-001	-4.070578e-001
-4.059999999999995e-001	-4.060552e-001
-4.049999999999995e-001	-4.050528e-001
-4.039999999999995e-001	-4.040504e-001
-4.029999999999995e-001	-4.030482e-001
-4.019999999999995e-001	-4.020460e-001
-4.009999999999995e-001	-4.010439e-001
-3.999999999999995e-001	-4.000418e-001
-3.989999999999995e-001	-3.990399e-001
-3.979999999999995e-001	-3.980380e-001
-3.969999999999995e-001	-3.970363e-001
-3.959999999999995e-001	-3.960345e-001
-3.949999999999995e-001	-3.950329e-001
-3.939999999999995e-001	-3.940313e-001
-3.929999999999995e-001	-3.930297e-001
-3.919999999999995e-001	-3.920282e-001
-3.909999999999995e-001	-3.910268e-001
-3.899999999999995e-001	-3.900255e-001
-3.889999999999995e-001	-3.890241e-001
-3.879999999999995e-001	-3.880229e-001
-3.869999999999995e-001	-3.870217e-001
-3.859999999999995e-001	-3.860205e-001
-3.849999999999995e-001	-3.850194e-001
-3.839999999999995e-001	-3.840183e-001
-3.829999999999995e-001	-3.830173e-001
-3.819999999999995e-001	-3.820163e-001
-3.809999999999995e-001	-3.810153e-001
-3.799999999999995e-001	-3.800144e-001
-3.789999999999995e-001	-3.790135e-001
-3.779999999999995e-001	-3.780127e-001
-3.769999999999995e-001	-3.770118e-001
-3.759999999999995e-001	-3.760111e-001
-3.749999999999994e-001	-3.750103e-001
-3.739999999999994e-001	-3.740096e-001
-3.729999999999994e-001	-3.730089e-001
-3.719999999999994e-001	-3.720082e-001
-3.709999999999994e-001	-3.710076e-001
-3.699999999999994e-001	-3.700069e-001
-3.689999999999994e-001	-3.690064e-001
-3.679999999999994e-001	-3.680058e-001
-3.669999999999994e-001	-3.670053e-001
-3.659999999999994e-001	-3.660047e-001
-3.649999999999994e-001	-3.650042e-001
-3.639999999999994e-001	-3.640037e-001
-3.629999999999994e-001	-3.630033e-001
-3.619999999999994e-001	-3.620028e-001
-3.609999999999994e-001	-3.610024e-001
-3.599999999999994e-001	-3.600020e-001
-3.589999999999994e-001	-3.590016e-001
-3.579999999999994e-001	-3.580012e-001
-3.569999999999994e-001	-3.570009e-001
-3.559999999999994e-001	-3.560005e-001
-3.549999999999994e-001	-3.550002e-001
-3.539999999999994e-001	-3.539999e-001
-3.529999999999994e-001	-3.529995e-001
-3.519999999999994e-001	-3.519992e-001
-3.509999999999994e-001	-3.509990e-001
-3.499999999999994e-001	-3.499987e-001
-3.489999999999994e-001	-3.489984e-001
-3.479999999999994e-001	-3.479982e-001
-3.469999999999994e-001	-3.469979e-001
-3.459999999999994e-001	-3.459977e-001
-3.449999999999994e-001	-3.449975e-001
-3.439999999999994e-001	-3.439973e-001
-3.429999999999994e-001	-3.429971e-001
-3.419999999999994e-001	-3.419969e-001
-3.409999999999994e-001	-3.409967e-001
-3.399999999999994e-001	-3.399965e-001
-3.389999999999994e-001	-3.389964e-001
-3.379999999999994e-001	-3.379962e-001
-3.369999999999994e-001	-3.369960e-001
-3.359999999999994e-001	-3.359959e-001
-3.349999999999994e-001	-3.349957e-001
-3.339999999999994e-001	-3.339956e-001
-3.329999999999994e-001	-3.329955e-001
-3.319999999999994e-001	-3.319954e-001
-3.309999999999994e-001	-3.309952e-001
-3.299999999999994e-001	-3.299951e-001
-3.289999999999994e-001	-3.289950e-001
-3.279999999999994e-001	-3.279949e-001
-3.269999999999994e-001	-3.269948e-001
-3.259999999999994e-001	-3.259947e-001
-3.249999999999994e-001	-3.249947e-001
-3.239999999999994e-001	-3.239946e-001
-3.229999999999994e-001	-3.229945e-001
-3.219999999999994e-001	-3.219944e-001
-3.209999999999994e-001	-3.209943e-001
-3.199999999999994e-001	-3.199943e-001
-3.189999999999994e-001	-3.189942e-001
-3.179999999999994e-001	-3.179941e-001
-3.169999999999994e-001	-3.169941e-001
-3.159999999999994e-001	-3.159940e-001
-3.149999999999994e-001	-3.149940e-001
-3.139999999999994e-001	-3.139939e-001
-3.129999999999994e-001	-3.129939e-001
-3.119999999999994e-001	-3.119938e-001
-3.109999999999994e-001	-3.109938e-001
-3.099999999999994e-001	-3.099938e-001
-3.089999999999994e-001	-3.089937e-001
-3.079999999999994e-001	-3.079937e-001
-3.069999999999994e-001	-3.069937e-001
-3.059999999999994e-001	-3.059936e-001
-3.049999999999994e-001	-3.049936e-001
-3.039999999999994e-001	-3.039936e-001
-3.029999999999994e-001	-3.029936e-001
-3.019999999999994e-001	-3.019935e-001
-3.009999999999994e-001	-3.009935e-001
-2.999999999999994e-001	-2.999935e-001
-2.989999999999994e-001	-2.989935e-001
-2.979999999999994e-001	-2.979935e-001
-2.969999999999994e-001	-2.969935e-001
-2.959999999999994e-001	-2.959934e-001
-2.949999999999994e-001	-2.949934e-001
-2.939999999999994e-001	-2.939934e-001
-2.929999999999994e-001	-2.929934e-001
-2.919999999999994e-001	-2.919934e-001
-2.909999999999994e-001	-2.909934e-001
-2.899999999999994e-001	-2.899934e-001
-2.889999999999994e-001	-2.889934e-001
-2.879999999999994e-001	-2.879934e-001
-2.869999999999994e-001	-2.869934e-001
-2.859999999999994e-001	-2.859934e-001
-2.849999999999994e-001	-2.849934e-001
-2.839999999999994e-001	-2.839934e-001
-2.829999999999994e-001	-2.829934e-001
-2.819999999999994e-001	-2.819934e-001
-2.809999999999994e-001	-2.809934e-001
-2.799999999999994e-001	-2.799934e-001
-2.789999999999994e-001	-2.789934e-001
-2.779999999999994e-001	-2.779934e-001
-2.769999999999994e-001	-2.769935e-001
-2.759999999999994e-001	-2.759934e-001
-2.749999999999994e-001	-2.749934e-001
-2.739999999999994e-001	-2.739935e-001
-2.729999999999994e-001	-2.729935e-001
-2.719999999999994e-001	-2.719935e-001
-2.709999999999994e-001	-2.709935e-001
-2.699999999999994e-001	-2.699935e-001
-2.689999999999994e-001	-2.689935e-001
-2.679999999999994e-001	-2.679935e-001
-2.669999999999994e-001	-2.669936e-001
-2.659999999999994e-001	-2.659936e-001
-2.649999999999994e-001	-2.649936e-001
-2.639999999999994e-001	-2.639936e-001
-2.629999999999994e-001	-2.629936e-001
-2.619999999999993e-001	-2.619936e-001
-2.609999999999993e-001	-2.609936e-001
-2.599999999999993e-001	-2.599936e-001
-2.589999999999993e-001	-2.589937e-001
-2.579999999999993e-001	-2.579937e-001
-2.569999999999993e-001	-2.569937e-001
-2.559999999999993e-001	-2.559937e-001
-2.549999999999993e-001	-2.549937e-001
-2.539999999999993e-001	-2.539937e-001
-2.529999999999993e-001	-2.529938e-001
-2.519999999999993e-001	-2.519938e-001
-2.509999999999993e-001	-2.509938e-001
-2.499999999999993e-001	-2.499938e-001
-2.489999999999993e-001	-2.489939e-001
-2.479999999999993e-001	-2.479939e-001
-2.469999999999993e-001	-2.469939e-001
-2.459999999999993e-001	-2.459939e-001
-2.449999999999993e-001	-2.449939e-001
-2.439999999999993e-001	-2.439940e-001
-2.429999999999993e-001	-2.429940e-001
-2.419999999999993e-001	-2.419940e-001
-2.409999999999993e-001	-2.409940e-001
-2.399999999999993e-001	-2.399940e-001
-2.389999999999993e-001	-2.389941e-001
-2.379999999999993e-001	-2.379941e-001
-2.369999999999993e-001	-2.369941e-001
-2.359999999999993e-001	-2.359941e-001
-2.349999999999993e-001	-2.349941e-001
-2.339999999999993e-001	-2.339942e-001
-2.329999999999993e-001	-2.329942e-001
-2.319999999999993e-001	-2.319942e-001
-2.309999999999993e-001	-2.309942e-001
-2.299999999999993e-001	-2.299943e-001
-2.289999999999993e-001	-2.289943e-001
-2.279999999999993e-001	-2.279943e-001
-2.269999999999993e-001	-2.269943e-001
-2.259999999999993e-001	-2.259943e-001
-2.249999999999993e-001	-2.249944e-001
-2.239999999999993e-001	-2.239944e-001
-2.229999999999993e-001	-2.229944e-001
-2.219999999999993e-001	-2.219944e-001
-2.209999999999993e-001	-2.209945e-001
-2.199999999999993e-001	-2.199945e-001
-2.189999999999993e-001	-2.189945e-001
-2.179999999999993e-001	-2.179945e-001
-2.169999999999993e-001	-2.169946e-001
-2.159999999999993e-001	-2.159946e-001
-2.149999999999993e-001	-2.149946e-001
-2.139999999999993e-001	-2.139946e-001
-2.129999999999993e-001	-2.129947e-001
-2.119999999999993e-001	-2.119947e-001
-2.109999999999993e-001	-2.109947e-001
-2.099999999999993e-001	-2.099947e-001
-2.089999999999993e-001	-2.089947e-001
-2.079999999999993e-001	-2.079948e-001
-2.069999999999993e-001	-2.069948e-001
-2.059999999999993e-001	-2.059948e-001
-2.049999999999993e-001	-2.049948e-001
-2.039999999999993e-001	-2.039949e-001
-2.029999999999993e-001	-2.029949e-001
-2.019999999999993e-001	-2.019949e-001
-2.009999999999993e-001	-2.009949e-001
-1.999999999999993e-001	-1.999950e-001
-1.989999999999993e-001	-1.989950e-001
-1.979999999999993e-001	-1.979950e-001
-1.969999999999993e-001	-1.969950e-001
-1.959999999999993e-001	-1.959951e-001
-1.949999999999993e-001	-1.949951e-001
-1.939999999999993e-001	-1.939951e-001
-1.929999999999993e-001	-1.929951e-001
-1.919999999999993e-001	-1.919952e-001
-1.909999999999993e-001	-1.909952e-001
-1.899999999999993e-001	-1.899952e-001
-1.889999999999993e-001	-1.889952e-001
-1.879999999999993e-001	-1.879953e-001
-1.869999999999993e-001	-1.869953e-001
-1.859999999999993e-001	-1.859953e-001
-1.849999999999993e-001	-1.849953e-001
-1.839999999999993e-001	-1.839954e-001
-1.829999999999993e-001	-1.829954e-001
-1.819999999999993e-001	-1.819954e-001
-1.809999999999993e-001	-1.809954e-001
-1.799999999999993e-001	-1.799955e-001
-1.789999999999993e-001	-1.789955e-001
-1.779999999999993e-001	-1.779955e-001
-1.769999999999993e-001	-1.769955e-001
-1.759999999999993e-001	-1.759956e-001
-1.749999999999993e-001	-1.749956e-001
-1.739999999999993e-001	-1.739956e-001
-1.729999999999993e-001	-1.729956e-001
-1.719999999999993e-001	-1.719957e-001
-1.709999999999993e-001	-1.709957e-001
-1.699999999999993e-001	-1.699957e-001
-1.689999999999993e-001	-1.689957e-001
-1.679999999999993e-001	-1.679958e-001
-1.669999999999993e-001	-1.669958e-001
-1.659999999999993e-001	-1.659958e-001
-1.649999999999993e-001	-1.649958e-001
-1.639999999999993e-001	-1.639959e-001
-1.629999999999993e-001	-1.629959e-001
-1.619999999999993e-001	-1.619959e-001
-1.609999999999993e-001	-1.609959e-001
-1.599999999999993e-001	-1.599960e-001
-1.589999999999993e-001	-1.589960e-001
-1.579999999999993e-001	-1.579960e-001
-1.569999999999993e-001	-1.569960e-001
-1.559999999999993e-001	-1.559961e-001
-1.549999999999993e-001	-1.549961e-001
-1.539999999999993e-001	-1.539961e-001
-1.529999999999993e-001	-1.529961e-001
-1.519999999999993e-001	-1.519962e-001
-1.509999999999993e-001	-1.509962e-001
-1.499999999999993e-001	-1.499962e-001
-1.489999999999992e-001	-1.489962e-001
-1.479999999999992e-001	-1.479963e-001
-1.469999999999992e-001	-1.469963e-001
-1.459999999999992e-001	-1.459963e-001
-1.449999999999992e-001	-1.449963e-001
-1.439999999999992e-001	-1.439964e-001
-1.429999999999992e-001	-1.429964e-001
-1.419999999999992e-001	-1.419964e-001
-1.409999999999992e-001	-1.409964e-001
-1.399999999999992e-001	-1.399965e-001
-1.389999999999992e-001	-1.389965e-001
-1.379999999999992e-001	-1.379965e-001
-1.369999999999992e-001	-1.369965e-001
-1.359999999999992e-001	-1.359966e-001
-1.349999999999992e-001	-1.349966e-001
-1.339999999999992e-001	-1.339966e-001
-1.329999999999992e-001	-1.329966e-001
-1.319999999999992e-001	-1.319967e-001
-1.309999999999992e-001	-1.309967e-001
-1.299999999999992e-001	-1.299967e-001
-1.289999999999992e-001	-1.289967e-001
-1.279999999999992e-001	-1.279968e-001
-1.269999999999992e-001	-1.269968e-001
-1.259999999999992e-001	-1.259968e-001
-1.249999999999992e-001	-1.249968e-001
-1.239999999999992e-001	-1.239969e-001
-1.229999999999992e-001	-1.229969e-001
-1.219999999999992e-001	-1.219969e-001
-1.209999999999992e-001	-1.209969e-001
-1.199999999999992e-001	-1.199970e-001
-1.189999999999992e-001	-1.189970e-001
-1.179999999999992e-001	-1.179970e-001
-1.169999999999992e-001	-1.169970e-001
-1.159999999999992e-001	-1.159971e-001
-1.149999999999992e-001	-1.149971e-001
-1.139999999999992e-001	-1.139971e-001
-1.129999999999992e-001	-1.129971e-001
-1.119999999999992e-001	-1.119972e-001
-1.109999999999992e-001	-1.109972e-001
-1.099999999999992e-001	-1.099972e-001
-1.089999999999992e-001	-1.089972e-001
-1.079999999999992e-001	-1.079973e-001
-1.069999999999992e-001	-1.069973e-001
-1.059999999999992e-001	-1.059973e-001
-1.049999999999992e-001	-1.049973e-001
-1.039999999999992e-001	-1.039974e-001
-1.029999999999992e-001	-1.029974e-001
-1.019999999999992e-001	-1.019974e-001
-1.009999999999992e-001	-1.009974e-001
-9.999999999999920e-002	-9.999747e-002
-9.899999999999920e-002	-9.899750e-002
-9.799999999999920e-002	-9.799752e-002
-9.699999999999920e-002	-9.699754e-002
-9.599999999999920e-002	-9.599757e-002
-9.499999999999920e-002	-9.499760e-002
-9.399999999999920e-002	-9.399762e-002
-9.299999999999919e-002	-9.299765e-002
-9.199999999999919e-002	-9.199768e-002
-9.099999999999919e-002	-9.099770e-002
-8.999999999999919e-002	-8.999772e-002
-8.899999999999919e-002	-8.899775e-002
-8.799999999999919e-002	-8.799777e-002
-8.699999999999919e-002	-8.699780e-002
-8.599999999999919e-002	-8.599783e-002
-8.499999999999919e-002	-8.499785e-002
-8.399999999999919e-002	-8.399788e-002
-8.299999999999919e-002	-8.299790e-002
-8.199999999999919e-002	-8.199792e-002
-8.099999999999918e-002	-8.099795e-002
-7.999999999999918e-002	-7.999798e-002
-7.899999999999918e-002	-7.899800e-002
-7.799999999999918e-002	-7.799803e-002
-7.699999999999918e-002	-7.699805e-002
-7.599999999999918e-002	-7.599808e-002
-7.499999999999918e-002	-7.499810e-002
-7.399999999999918e-002	-7.399813e-002
-7.299999999999918e-002	-7.299815e-002
-7.199999999999918e-002	-7.199818e-002
-7.099999999999918e-002	-7.099821e-002
-6.999999999999917e-002	-6.999823e-002
-6.899999999999917e-002	-6.899825e-002
-6.799999999999917e-002	-6.799828e-002
-6.699999999999917e-002	-6.699830e-002
-6.599999999999917e-002	-6.599833e-002
-6.499999999999917e-002	-6.499836e-002
-6.399999999999917e-002	-6.399838e-002
-6.299999999999917e-002	-6.299841e-002
-6.199999999999917e-002	-6.199843e-002
-6.099999999999917e-002	-6.099845e-002
-5.999999999999917e-002	-5.999848e-002
-5.899999999999916e-002	-5.899851e-002
-5.799999999999916e-002	-5.799853e-002
-5.699999999999916e-002	-5.699856e-002
-5.599999999999916e-002	-5.599858e-002
-5.499999999999916e-002	-5.499861e-002
-5.399999999999916e-002	-5.399863e-002
-5.299999999999916e-002	-5.299866e-002
-5.199999999999916e-002	-5.199868e-002
-5.099999999999916e-002	-5.099871e-002
-4.999999999999916e-002	-4.999873e-002
-4.899999999999916e-002	-4.899876e-002
-4.799999999999915e-002	-4.799879e-002
-4.699999999999915e-002	-4.699881e-002
-4.599999999999915e-002	-4.599883e-002
-4.499999999999915e-002	-4.499886e-002
-4.399999999999915e-002	-4.399889e-002
-4.299999999999915e-002	-4.299891e-002
-4.199999999999915e-002	-4.199894e-002
-4.099999999999915e-002	-4.099896e-002
-3.999999999999915e-002	-3.999899e-002
-3.899999999999915e-002	-3.899901e-002
-3.799999999999915e-002	-3.799904e-002
-3.699999999999915e-002	-3.699906e-002
-3.599999999999914e-002	-3.599909e-002
-3.499999999999914e-002	-3.499911e-002
-3.399999999999914e-002	-3.399914e-002
-3.299999999999914e-002	-3.299917e-002
-3.199999999999914e-002	-3.199919e-002
-3.099999999999914e-002	-3.099922e-002
-2.999999999999914e-002	-2.999924e-002
-2.899999999999914e-002	-2.899927e-002
-2.799999999999914e-002	-2.799929e-002
-2.699999999999914e-002	-2.699932e-002
-2.599999999999914e-002	-2.599934e-002
-2.499999999999913e-002	-2.499937e-002
-2.399999999999913e-002	-2.399939e-002
-2.299999999999913e-002	-2.299942e-002
-2.199999999999913e-002	-2.199944e-002
-2.099999999999913e-002	-2.099947e-002
-1.999999999999913e-002	-1.999949e-002
-1.899999999999913e-002	-1.899952e-002
-1.799999999999913e-002	-1.799954e-002
-1.699999999999913e-002	-1.699957e-002
-1.599999999999913e-002	-1.599959e-002
-1.499999999999913e-002	-1.499962e-002
-1.399999999999912e-002	-1.399965e-002
-1.299999999999912e-002	-1.299967e-002
-1.199999999999912e-002	-1.199970e-002
-1.099999999999912e-002	-1.099972e-002
-9.999999999999121e-003	-9.999746e-003
-8.999999999999120e-003	-8.999772e-003
-7.999999999999119e-003	-7.999797e-003
-6.999999999999119e-003	-6.999823e-003
-5.999999999999119e-003	-5.999848e-003
-4.999999999999119e-003	-4.999873e-003
-3.999999999999119e-003	-3.999899e-003
-2.999999999999119e-003	-2.999924e-003
-1.999999999999119e-003	-1.999949e-003
-9.999999999991188e-004	-9.999744e-004
8.812395257962180e-016	2.782263e-010
1.000000000000881e-003	9.999750e-004
2.000000000000881e-003	1.999950e-003
3.000000000000881e-003	2.999924e-003
4.000000000000881e-003	3.999899e-003
5.000000000000881e-003	4.999874e-003
6.000000000000881e-003	5.999848e-003
7.000000000000881e-003	6.999823e-003
8.000000000000881e-003	7.999798e-003
9.000000000000882e-003	8.999772e-003
1.000000000000088e-002	9.999747e-003
1.100000000000088e-002	1.099972e-002
1.200000000000089e-002	1.199970e-002
1.300000000000089e-002	1.299967e-002
1.400000000000089e-002	1.399965e-002
1.500000000000089e-002	1.499962e-002
1.600000000000089e-002	1.599959e-002
1.700000000000089e-002	1.699957e-002
1.800000000000089e-002	1.799954e-002
1.900000000000089e-002	1.899952e-002
2.000000000000089e-002	1.999949e-002
2.100000000000089e-002	2.099947e-002
2.200000000000089e-002	2.199944e-002
2.300000000000090e-002	2.299942e-002
2.400000000000090e-002	2.399939e-002
2.500000000000090e-002	2.499937e-002
2.600000000000090e-002	2.599934e-002
2.700000000000090e-002	2.699932e-002
2.800000000000090e-002	2.799929e-002
2.900000000000090e-002	2.899927e-002
3.000000000000090e-002	2.999924e-002
3.100000000000090e-002	3.099922e-002
3.200000000000090e-002	3.199919e-002
3.300000000000090e-002	3.299917e-002
3.400000000000090e-002	3.399914e-002
3.500000000000091e-002	3.499911e-002
3.600000000000091e-002	3.599909e-002
3.700000000000091e-002	3.699907e-002
3.800000000000091e-002	3.799904e-002
3.900000000000091e-002	3.899901e-002
4.000000000000091e-002	3.999899e-002
4.100000000000091e-002	4.099896e-002
4.200000000000091e-002	4.199894e-002
4.300000000000091e-002	4.299891e-002
4.400000000000091e-002	4.399889e-002
4.500000000000091e-002	4.499886e-002
4.600000000000092e-002	4.599884e-002
4.700000000000092e-002	4.699881e-002
4.800000000000092e-002	4.799879e-002
4.900000000000092e-002	4.899876e-002
5.000000000000092e-002	4.999873e-002
5.100000000000092e-002	5.099871e-002
5.200000000000092e-002	5.199869e-002
5.300000000000092e-002	5.299866e-002
5.400000000000092e-002	5.399863e-002
5.500000000000092e-002	5.499861e-002
5.600000000000092e-002	5.599858e-002
5.700000000000093e-002	5.699856e-002
5.800000000000093e-002	5.799853e-002
5.900000000000093e-002	5.899851e-002
6.000000000000093e-002	5.999848e-002
6.100000000000093e-002	6.099846e-002
6.200000000000093e-002	6.199843e-002
6.300000000000093e-002	6.299841e-002
6.400000000000093e-002	6.399838e-002
6.500000000000093e-002	6.499836e-002
6.600000000000093e-002	6.599833e-002
6.700000000000093e-002	6.699830e-002
6.800000000000094e-002	6.799828e-002
6.900000000000094e-002	6.899825e-002
7.000000000000094e-002	6.999823e-002
7.100000000000094e-002	7.099821e-002
7.200000000000094e-002	7.199818e-002
7.300000000000094e-002	7.299815e-002
7.400000000000094e-002	7.399813e-002
7.500000000000094e-002	7.499810e-002
7.600000000000094e-002	7.599808e-002
7.700000000000094e-002	7.699805e-002
7.800000000000094e-002	7.799803e-002
7.900000000000094e-002	7.899800e-002
8.000000000000095e-002	7.999798e-002
8.100000000000095e-002	8.099795e-002
8.200000000000095e-002	8.199792e-002
8.300000000000095e-002	8.299790e-002
8.400000000000095e-002	8.399788e-002
8.500000000000095e-002	8.499785e-002
8.600000000000095e-002	8.599783e-002
8.700000000000095e-002	8.699780e-002
8.800000000000095e-002	8.799777e-002
8.900000000000095e-002	8.899775e-002
9.000000000000095e-002	8.999772e-002
9.100000000000096e-002	9.099770e-002
9.200000000000096e-002	9.199768e-002
9.300000000000096e-002	9.299765e-002
9.400000000000096e-002	9.399762e-002
9.500000000000096e-002	9.499760e-002
9.600000000000096e-002	9.599757e-002
9.700000000000096e-002	9.699754e-002
9.800000000000096e-002	9.799752e-002
9.900000000000096e-002	9.899750e-002
1.000000000000010e-001	9.999747e-002
1.010000000000010e-001	1.009974e-001
1.020000000000010e-001	1.019974e-001
1.030000000000010e-001	1.029974e-001
1.040000000000010e-001	1.039974e-001
1.050000000000010e-001	1.049973e-001
1.060000000000010e-001	1.059973e-001
1.070000000000010e-001	1.069973e-001
1.080000000000010e-001	1.079973e-001
1.090000000000010e-001	1.089972e-001
1.100000000000010e-001	1.099972e-001
1.110000000000010e-001	1.109972e-001
1.120000000000010e-001	1.119972e-001
1.130000000000010e-001	1.129971e-001
1.140000000000010e-001	1.139971e-001
1.150000000000010e-001	1.149971e-001
1.160000000000010e-001	1.159971e-001
1.170000000000010e-001	1.169970e-001
1.180000000000010e-001	1.179970e-001
1.190000000000010e-001	1.189970e-001
1.200000000000010e-001	1.199970e-001
1.210000000000010e-001	1.209969e-001
1.220000000000010e-001	1.219969e-001
1.230000000000010e-001	1.229969e-001
1.240000000000010e-001	1.239969e-001
1.250000000000010e-001	1.249968e-001
1.260000000000010e-001	1.259968e-001
1.270000000000010e-001	1.269968e-001
1.280000000000010e-001	1.279968e-001
1.290000000000010e-001	1.289967e-001
1.300000000000010e-001	1.299967e-001
1.310000000000010e-001	1.309967e-001
1.320000000000010e-001	1.319967e-001
1.330000000000010e-001	1.329966e-001
1.340000000000010e-001	1.339966e-001
1.350000000000010e-001	1.349966e-001
1.360000000000010e-001	1.359966e-001
1.370000000000010e-001	1.369965e-001
1.380000000000010e-001	1.379965e-001
1.390000000000010e-001	1.389965e-001
1.400000000000010e-001	1.399965e-001
1.410000000000010e-001	1.409964e-001
1.420000000000010e-001	1.419964e-001
1.430000000000010e-001	1.429964e-001
1.440000000000010e-001	1.439964e-001
1.450000000000010e-001	1.449963e-001
1.460000000000010e-001	1.459963e-001
1.470000000000010e-001	1.469963e-001
1.480000000000010e-001	1.479963e-001
1.490000000000010e-001	1.489962e-001
1.500000000000010e-001	1.499962e-001
1.510000000000010e-001	1.509962e-001
1.520000000000010e-001	1.519962e-001
1.530000000000010e-001	1.529961e-001
1.540000000000010e-001	1.539961e-001
1.550000000000010e-001	1.549961e-001
1.560000000000010e-001	1.559961e-001
1.570000000000010e-001	1.569960e-001
1.580000000000010e-001	1.579960e-001
1.590000000000010e-001	1.589960e-001
1.600000000000010e-001	1.599960e-001
1.610000000000010e-001	1.609959e-001
1.620000000000010e-001	1.619959e-001
1.630000000000010e-001	1.629959e-001
1.640000000000010e-001	1.639959e-001
1.650000000000010e-001	1.649958e-001
1.660000000000010e-001	1.659958e-001
1.670000000000010e-001	1.669958e-001
1.680000000000010e-001	1.679958e-001
1.690000000000010e-001	1.689957e-001
1.700000000000010e-001	1.699957e-001
1.710000000000010e-001	1.709957e-001
1.720000000000010e-001	1.719957e-001
1.730000000000010e-001	1.729956e-001
1.740000000000010e-001	1.739956e-001
1.750000000000010e-001	1.749956e-001
1.760000000000010e-001	1.759956e-001
1.770000000000010e-001	1.769955e-001
1.780000000000010e-001	1.779955e-001
1.790000000000010e-001	1.789955e-001
1.800000000000010e-001	1.799955e-001
1.810000000000010e-001	1.809954e-001
1.820000000000010e-001	1.819954e-001
1.830000000000010e-001	1.829954e-001
1.840000000000010e-001	1.839954e-001
1.850000000000010e-001	1.849953e-001
1.860000000000010e-001	1.859953e-001
1.870000000000010e-001	1.869953e-001
1.880000000000010e-001	1.879953e-001
1.890000000000010e-001	1.889952e-001
1.900000000000010e-001	1.899952e-001
1.910000000000010e-001	1.909952e-001
1.920000000000010e-001	1.919952e-001
1.930000000000010e-001	1.929951e-001
1.940000000000010e-001	1.939951e-001
1.950000000000010e-001	1.949951e-001
1.960000000000010e-001	1.959951e-001
1.970000000000010e-001	1.969950e-001
1.980000000000010e-001	1.979950e-001
1.990000000000010e-001	1.989950e-001
2.000000000000010e-001	1.999950e-001
2.010000000000010e-001	2.009949e-001
2.020000000000010e-001	2.019949e-001
2.030000000000010e-001	2.029949e-001
2.040000000000010e-001	2.039949e-001
2.050000000000010e-001	2.049948e-001
2.060000000000010e-001	2.059948e-001
2.070000000000010e-001	2.069948e-001
2.080000000000011e-001	2.079948e-001
2.090000000000011e-001	2.089947e-001
2.100000000000011e-001	2.099947e-001
2.110000000000011e-001	2.109947e-001
2.120000000000011e-001	2.119947e-001
2.130000000000011e-001	2.129947e-001
2.140000000000011e-001	2.139946e-001
2.150000000000011e-001	2.149946e-001
2.160000000000011e-001	2.159946e-001
2.170000000000011e-001	2.169946e-001
2.180000000000011e-001	2.179945e-001
2.190000000000011e-001	2.189945e-001
2.200000000000011e-001	2.199945e-001
2.210000000000011e-001	2.209945e-001
2.220000000000011e-001	2.219944e-001
2.230000000000011e-001	2.229944e-001
2.240000000000011e-001	2.239944e-001
2.250000000000011e-001	2.249944e-001
2.260000000000011e-001	2.259943e-001
2.270000000000011e-001	2.269943e-001
2.280000000000011e-001	2.279943e-001
2.290000000000011e-001	2.289943e-001
2.300000000000011e-001	2.299943e-001
2.310000000000011e-001	2.309942e-001
2.320000000000011e-001	2.319942e-001
2.330000000000011e-001	2.329942e-001
2.340000000000011e-001	2.339942e-001
2.350000000000011e-001	2.349941e-001
2.360000000000011e-001	2.359941e-001
2.370000000000011e-001	2.369941e-001
2.380000000000011e-001	2.379941e-001
2.390000000000011e-001	2.389941e-001
2.400000000000011e-001	2.399940e-001
2.410000000000011e-001	2.409940e-001
2.420000000000011e-001	2.419940e-001
2.430000000000011e-001	2.429940e-001
2.440000000000011e-001	2.439940e-001
2.450000000000011e-001	2.449939e-001
2.460000000000011e-001	2.459939e-001
2.470000000000011e-001	2.469939e-001
2.480000000000011e-001	2.479939e-001
2.490000000000011e-001	2.489939e-001
2.500000000000011e-001	2.499938e-001
2.510000000000011e-001	2.509938e-001
2.520000000000011e-001	2.519938e-001
2.530000000000011e-001	2.529938e-001
2.540000000000011e-001	2.539937e-001
2.550000000000011e-001	2.549937e-001
2.560000000000011e-001	2.559937e-001
2.570000000000011e-001	2.569937e-001
2.580000000000011e-001	2.579937e-001
2.590000000000011e-001	2.589937e-001
2.600000000000011e-001	2.599936e-001
2.610000000000011e-001	2.609936e-001
2.620000000000011e-001	2.619936e-001
2.630000000000011e-001	2.629936e-001
2.640000000000011e-001	2.639936e-001
2.650000000000011e-001	2.649936e-001
2.660000000000011e-001	2.659936e-001
2.670000000000011e-001	2.669936e-001
2.680000000000011e-001	2.679935e-001
2.690000000000011e-001	2.689935e-001
2.700000000000011e-001	2.699935e-001
2.710000000000011e-001	2.709935e-001
2.720000000000011e-001	2.719935e-001
2.730000000000011e-001	2.729935e-001
2.740000000000011e-001	2.739935e-001
2.750000000000011e-001	2.749934e-001
2.760000000000011e-001	2.759934e-001
2.770000000000011e-001	2.769935e-001
2.780000000000011e-001	2.779934e-001
2.790000000000011e-001	2.789934e-001
2.800000000000011e-001	2.799934e-001
2.810000000000011e-001	2.809934e-001
2.820000000000011e-001	2.819934e-001
2.830000000000011e-001	2.829934e-001
2.840000000000011e-001	2.839934e-001
2.850000000000011e-001	2.849934e-001
2.860000000000011e-001	2.859934e-001
2.870000000000011e-001	2.869934e-001
2.880000000000011e-001	2.879934e-001
2.890000000000011e-001	2.889934e-001
2.900000000000011e-001	2.899934e-001
2.910000000000011e-001	2.909934e-001
2.920000000000011e-001	2.919934e-001
2.930000000000011e-001	2.929934e-001
2.940000000000011e-001	2.939934e-001
2.950000000000011e-001	2.949934e-001
2.960000000000011e-001	2.959934e-001
2.970000000000011e-001	2.969935e-001
2.980000000000011e-001	2.979935e-001
2.990000000000011e-001	2.989935e-001
3.000000000000011e-001	2.999935e-001
3.010000000000011e-001	3.009935e-001
3.020000000000011e-001	3.019935e-001
3.030000000000011e-001	3.029936e-001
3.040000000000011e-001	3.039936e-001
3.050000000000011e-001	3.049936e-001
3.060000000000011e-001	3.059936e-001
3.070000000000011e-001	3.069937e-001
3.080000000000011e-001	3.079937e-001
3.090000000000011e-001	3.089937e-001
3.100000000000011e-001	3.099938e-001
3.110000000000011e-001	3.109938e-001
3.120000000000011e-001	3.119938e-001
3.130000000000011e-001	3.129939e-001
3.140000000000011e-001	3.139939e-001
3.150000000000011e-001	3.149940e-001
3.160000000000011e-001	3.159940e-001
3.170000000000011e-001	3.169941e-001
3.180000000000011e-001	3.179941e-001
3.190000000000011e-001	3.189942e-001
3.200000000000011e-001	3.199943e-001
3.210000000000011e-001	3.209943e-001
3.220000000000011e-001	3.219944e-001
3.230000000000011e-001	3.229945e-001
3.240000000000011e-001	3.239945e-001
3.250000000000011e-001	3.249947e-001
3.260000000000011e-001	3.259947e-001
3.270000000000011e-001	3.269948e-001
3.280000000000011e-001	3.279949e-001
3.290000000000011e-001	3.289950e-001
3.300000000000011e-001	3.299951e-001
3.310000000000011e-001	3.309952e-001
3.320000000000011e-001	3.319954e-001
3.330000000000011e-001	3.329955e-001
3.340000000000011e-001	3.339956e-001
3.350000000000011e-001	3.349957e-001
3.360000000000011e-001	3.359959e-001
3.370000000000011e-001	3.369960e-001
3.380000000000011e-001	3.379962e-001
3.390000000000011e-001	3.389964e-001
3.400000000000011e-001	3.399965e-001
3.410000000000011e-001	3.409967e-001
3.420000000000011e-001	3.419969e-001
3.430000000000011e-001	3.429971e-001
3.440000000000011e-001	3.439973e-001
3.450000000000011e-001	3.449975e-001
3.460000000000011e-001	3.459977e-001
3.470000000000011e-001	3.469979e-001
3.480000000000011e-001	3.479982e-001
3.490000000000011e-001	3.489984e-001
3.500000000000011e-001	3.499987e-001
3.510000000000011e-001	3.509989e-001
3.520000000000012e-001	3.519992e-001
3.530000000000012e-001	3.529995e-001
3.540000000000012e-001	3.539998e-001
3.550000000000012e-001	3.550002e-001
3.560000000000012e-001	3.560005e-001
3.570000000000012e-001	3.570008e-001
3.580000000000012e-001	3.580012e-001
3.590000000000012e-001	3.590016e-001
3.600000000000012e-001	3.600020e-001
3.610000000000012e-001	3.610024e-001
3.620000000000012e-001	3.620028e-001
3.630000000000012e-001	3.630033e-001
3.640000000000012e-001	3.640037e-001
3.650000000000012e-001	3.650042e-001
3.660000000000012e-001	3.660047e-001
3.670000000000012e-001	3.670052e-001
3.680000000000012e-001	3.680058e-001
3.690000000000012e-001	3.690064e-001
3.700000000000012e-001	3.700069e-001
3.710000000000012e-001	3.710076e-001
3.720000000000012e-001	3.720082e-001
3.730000000000012e-001	3.730089e-001
3.740000000000012e-001	3.740096e-001
3.750000000000012e-001	3.750103e-001
3.760000000000012e-001	3.760110e-001
3.770000000000012e-001	3.770118e-001
3.780000000000012e-001	3.780127e-001
3.790000000000012e-001	3.790135e-001
3.800000000000012e-001	3.800144e-001
3.810000000000012e-001	3.810153e-001
3.820000000000012e-001	3.820163e-001
3.830000000000012e-001	3.830172e-001
3.840000000000012e-001	3.840183e-001
3.850000000000012e-001	3.850194e-001
3.860000000000012e-001	3.860205e-001
3.870000000000012e-001	3.870217e-001
3.880000000000012e-001	3.880229e-001
3.890000000000012e-001	3.890241e-001
3.900000000000012e-001	3.900254e-001
3.910000000000012e-001	3.910268e-001
3.920000000000012e-001	3.920282e-001
3.930000000000012e-001	3.930297e-001
3.940000000000012e-001	3.940312e-001
3.950000000000012e-001	3.950328e-001
3.960000000000012e-001	3.960345e-001
3.970000000000012e-001	3.970362e-001
3.980000000000012e-001	3.980380e-001
3.990000000000012e-001	3.990399e-001
4.000000000000012e-001	4.000418e-001
4.010000000000012e-001	4.010438e-001
4.020000000000012e-001	4.020459e-001
4.030000000000012e-001	4.030481e-001
4.040000000000012e-001	4.040504e-001
4.050000000000012e-001	4.050527e-001
4.060000000000012e-001	4.060552e-001
4.070000000000012e-001	4.070577e-001
4.080000000000012e-001	4.080604e-001
4.090000000000012e-001	4.090631e-001
4.100000000000012e-001	4.100660e-001
4.110000000000012e-001	4.110690e-001
4.120000000000012e-001	4.120721e-001
4.130000000000012e-001	4.130753e-001
4.140000000000012e-001	4.140786e-001
4.150000000000012e-001	4.150821e-001
4.160000000000012e-001	4.160857e-001
4.170000000000012e-001	4.170895e-001
4.180000000000012e-001	4.180934e-001
4.190000000000012e-001	4.190974e-001
4.200000000000012e-001	4.201016e-001
4.210000000000012e-001	4.211060e-001
4.220000000000012e-001	4.221106e-001
4.230000000000012e-001	4.231153e-001
4.240000000000012e-001	4.241202e-001
4.250000000000012e-001	4.251253e-001
4.260000000000012e-001	4.261306e-001
4.270000000000012e-001	4.271361e-001
4.280000000000012e-001	4.281419e-001
4.290000000000012e-001	4.291478e-001
4.300000000000012e-001	4.301540e-001
4.310000000000012e-001	4.311604e-001
4.320000000000012e-001	4.321671e-001
4.330000000000012e-001	4.331740e-001
4.340000000000012e-001	4.341813e-001
4.350000000000012e-001	4.351888e-001
4.360000000000012e-001	4.361965e-001
4.370000000000012e-001	4.372046e-001
4.380000000000012e-001	4.382130e-001
4.390000000000012e-001	4.392218e-001
4.400000000000012e-001	4.402308e-001
4.410000000000012e-001	4.412403e-001
4.420000000000012e-001	4.422500e-001
4.430000000000012e-001	4.432602e-001
4.440000000000012e-001	4.442708e-001
4.450000000000012e-001	4.452817e-001
4.460000000000012e-001	4.462931e-001
4.470000000000012e-001	4.473049e-001
4.480000000000012e-001	4.483172e-001
4.490000000000012e-001	4.493300e-001
4.500000000000012e-001	4.503432e-001
4.510000000000012e-001	4.513570e-001
4.520000000000012e-001	4.523713e-001
4.530000000000012e-001	4.533861e-001
4.540000000000012e-001	4.544015e-001
4.550000000000012e-001	4.554175e-001
4.560000000000012e-001	4.564341e-001
4.570000000000012e-001	4.574513e-001
4.580000000000012e-001	4.584692e-001
4.590000000000012e-001	4.594878e-001
4.600000000000012e-001	4.605070e-001
4.610000000000012e-001	4.615270e-001
4.620000000000012e-001	4.625478e-001
4.630000000000012e-001	4.635693e-001
4.640000000000012e-001	4.645917e-001
4.650000000000013e-001	4.656149e-001
4.660000000000013e-001	4.666390e-001
4.670000000000013e-001	4.676639e-001
4.680000000000013e-001	4.686898e-001
4.690000000000013e-001	4.697167e-001
4.700000000000013e-001	4.707446e-001
4.710000000000013e-001	4.717735e-001
4.720000000000013e-001	4.728035e-001
4.730000000000013e-001	4.738346e-001
4.740000000000013e-001	4.748668e-001
4.750000000000013e-001	4.759003e-001
4.760000000000013e-001	4.769349e-001
4.770000000000013e-001	4.779709e-001
4.780000000000013e-001	4.790081e-001
4.790000000000013e-001	4.800467e-001
4.800000000000013e-001	4.810867e-001
4.810000000000013e-001	4.821282e-001
4.820000000000013e-001	4.831711e-001
4.830000000000013e-001	4.842156e-001
4.840000000000013e-001	4.852617e-001
4.850000000000013e-001	4.863095e-001
4.860000000000013e-001	4.873590e-001
4.870000000000013e-001	4.884101e-001
4.880000000000013e-001	4.894632e-001
4.890000000000013e-001	4.905181e-001
4.900000000000013e-001	4.915749e-001
4.910000000000013e-001	4.926337e-001
4.920000000000013e-001	4.936945e-001
4.930000000000013e-001	4.947574e-001
4.940000000000013e-001	4.958225e-001
4.950000000000013e-001	4.968899e-001
4.960000000000013e-001	4.979596e-001
4.970000000000013e-001	4.990315e-001
4.980000000000013e-001	5.001060e-001
4.990000000000013e-001	5.011829e-001
5.000000000000012e-001	5.022625e-001
5.010000000000012e-001	5.033446e-001
5.020000000000012e-001	5.044295e-001
5.030000000000012e-001	5.055171e-001
5.040000000000012e-001	5.066077e-001
5.050000000000012e-001	5.077011e-001
5.060000000000012e-001	5.087975e-001
5.070000000000012e-001	5.098971e-001
5.080000000000012e-001	5.109997e-001
5.090000000000012e-001	5.121056e-001
5.100000000000012e-001	5.132149e-001
5.110000000000012e-001	5.143275e-001
5.120000000000012e-001	5.154436e-001
5.130000000000012e-001	5.165633e-001
5.140000000000012e-001	5.176865e-001
5.150000000000012e-001	5.188135e-001
5.160000000000012e-001	5.199443e-001
5.170000000000012e-001	5.210789e-001
5.180000000000012e-001	5.222175e-001
5.190000000000012e-001	5.233600e-001
5.200000000000012e-001	5.245066e-001
5.210000000000012e-001	5.256575e-001
5.220000000000012e-001	5.268126e-001
5.230000000000012e-001	5.279719e-001
5.240000000000012e-001	5.291357e-001
5.250000000000012e-001	5.303039e-001
5.260000000000012e-001	5.314767e-001
5.270000000000013e-001	5.326540e-001
5.280000000000013e-001	5.338361e-001
5.290000000000013e-001	5.350229e-001
5.300000000000013e-001	5.362145e-001
5.310000000000013e-001	5.374110e-001
5.320000000000013e-001	5.386124e-001
5.330000000000013e-001	5.398188e-001
5.340000000000013e-001	5.410303e-001
5.350000000000013e-001	5.422469e-001
5.360000000000013e-001	5.434686e-001
5.370000000000013e-001	5.446956e-001
5.380000000000013e-001	5.459278e-001
5.390000000000013e-001	5.471653e-001
5.400000000000013e-001	5.484083e-001
5.410000000000013e-001	5.496566e-001
5.420000000000013e-001	5.509103e-001
5.430000000000013e-001	5.521696e-001
5.440000000000013e-001	5.534343e-001
5.450000000000013e-001	5.547046e-001
5.460000000000013e-001	5.559805e-001
5.470000000000013e-001	5.572620e-001
5.480000000000013e-001	5.585491e-001
5.490000000000013e-001	5.598419e-001
5.500000000000013e-001	5.611403e-001
5.510000000000013e-001	5.624444e-001
5.520000000000013e-001	5.637543e-001
5.530000000000013e-001	5.650698e-001
5.540000000000013e-001	5.663911e-001
5.550000000000013e-001	5.677180e-001
5.560000000000013e-001	5.690508e-001
5.570000000000013e-001	5.703892e-001
5.580000000000013e-001	5.717334e-001
5.590000000000013e-001	5.730833e-001
5.600000000000013e-001	5.744389e-001
5.610000000000013e-001	5.758002e-001
5.620000000000013e-001	5.771672e-001
5.630000000000013e-001	5.785398e-001
5.640000000000013e-001	5.799181e-001
5.650000000000013e-001	5.813021e-001
5.660000000000013e-001	5.826917e-001
5.670000000000013e-001	5.840870e-001
5.680000000000013e-001	5.854877e-001
5.690000000000013e-001	5.868940e-001
5.700000000000013e-001	5.883059e-001
5.710000000000013e-001	5.897232e-001
5.720000000000013e-001	5.911461e-001
5.730000000000013e-001	5.925743e-001
5.740000000000013e-001	5.940079e-001
5.750000000000013e-001	5.954469e-001
5.760000000000013e-001	5.968912e-001
5.770000000000013e-001	5.983408e-001
5.780000000000013e-001	5.997957e-001
5.790000000000013e-001	6.012557e-001
5.800000000000013e-001	6.027210e-001
5.810000000000013e-001	6.041913e-001
5.820000000000013e-001	6.056667e-001
5.830000000000013e-001	6.071472e-001
5.840000000000013e-001	6.086326e-001
5.850000000000013e-001	6.101230e-001
5.860000000000013e-001	6.116183e-001
5.870000000000013e-001	6.131185e-001
5.880000000000013e-001	6.146235e-001
5.890000000000013e-001	6.161332e-001
5.900000000000013e-001	6.176476e-001
5.910000000000013e-001	6.191667e-001
5.920000000000013e-001	6.206905e-001
5.930000000000013e-001	6.222188e-001
5.940000000000013e-001	6.237516e-001
5.950000000000013e-001	6.252889e-001
5.960000000000013e-001	6.268306e-001
5.970000000000013e-001	6.283767e-001
5.980000000000013e-001	6.299271e-001
5.990000000000013e-001	6.314818e-001
6.000000000000013e-001	6.330408e-001
6.010000000000013e-001	6.346039e-001
6.020000000000013e-001	6.361711e-001
6.030000000000013e-001	6.377425e-001
6.040000000000013e-001	6.393178e-001
6.050000000000013e-001	6.408972e-001
6.060000000000013e-001	6.424805e-001
6.070000000000013e-001	6.440676e-001
6.080000000000013e-001	6.456587e-001
6.090000000000013e-001	6.472536e-001
6.100000000000013e-001	6.488522e-001
6.110000000000013e-001	6.504545e-001
6.120000000000013e-001	6.520604e-001
6.130000000000013e-001	6.536700e-001
6.140000000000013e-001	6.552832e-001
6.150000000000013e-001	6.568999e-001
6.160000000000013e-001	6.585200e-001
6.170000000000013e-001	6.601437e-001
6.180000000000013e-001	6.617707e-001
6.190000000000013e-001	6.634011e-001
6.200000000000013e-001	6.650348e-001
6.210000000000013e-001	6.666717e-001
6.220000000000013e-001	6.683119e-001
6.230000000000013e-001	6.699553e-001
6.240000000000013e-001	6.716018e-001
6.250000000000013e-001	6.732515e-001
6.260000000000013e-001	6.749042e-001
6.270000000000013e-001	6.765599e-001
6.280000000000013e-001	6.782186e-001
6.290000000000013e-001	6.798803e-001
6.300000000000013e-001	6.815449e-001
6.310000000000013e-001	6.832123e-001
6.320000000000013e-001	6.848827e-001
6.330000000000013e-001	6.865558e-001
6.340000000000013e-001	6.882317e-001
6.350000000000013e-001	6.899104e-001
6.360000000000013e-001	6.915917e-001
6.370000000000013e-001	6.932756e-001
6.380000000000013e-001	6.949623e-001
6.390000000000013e-001	6.966515e-001
6.400000000000014e-001	6.983433e-001
6.410000000000014e-001	7.000377e-001
6.420000000000014e-001	7.017345e-001
6.430000000000014e-001	7.034338e-001
6.440000000000014e-001	7.051355e-001
6.450000000000014e-001	7.068397e-001
6.460000000000014e-001	7.085462e-001
6.470000000000014e-001	7.102551e-001
6.480000000000014e-001	7.119663e-001
6.490000000000014e-001	7.136799e-001
6.500000000000014e-001	7.153956e-001
6.510000000000014e-001	7.171136e-001
6.520000000000014e-001	7.188338e-001
6.530000000000014e-001	7.205562e-001
6.540000000000014e-001	7.222807e-001
6.550000000000014e-001	7.240074e-001
6.560000000000014e-001	7.257362e-001
6.570000000000014e-001	7.274671e-001
6.580000000000014e-001	7.292000e-001
6.590000000000014e-001	7.309350e-001
6.600000000000014e-001	7.326719e-001
6.610000000000014e-001	7.344108e-001
6.620000000000014e-001	7.361517e-001
6.630000000000014e-001	7.378945e-001
6.640000000000014e-001	7.396393e-001
6.650000000000014e-001	7.413859e-001
6.660000000000014e-001	7.431344e-001
6.670000000000014e-001	7.448847e-001
6.680000000000014e-001	7.466369e-001
6.690000000000014e-001	7.483909e-001
6.700000000000014e-001	7.501466e-001
6.710000000000014e-001	7.519041e-001
6.720000000000014e-001	7.536634e-001
6.730000000000014e-001	7.554244e-001
6.740000000000014e-001	7.571871e-001
6.750000000000014e-001	7.589514e-001
6.760000000000014e-001	7.607175e-001
6.770000000000014e-001	7.624851e-001
6.780000000000014e-001	7.642545e-001
6.790000000000014e-001	7.660254e-001
6.800000000000014e-001	7.677979e-001
6.810000000000014e-001	7.695721e-001
6.820000000000014e-001	7.713477e-001
6.830000000000014e-001	7.731249e-001
6.840000000000014e-001	7.749037e-001
6.850000000000014e-001	7.766840e-001
6.860000000000014e-001	7.784657e-001
6.870000000000014e-001	7.802490e-001
6.880000000000014e-001	7.820337e-001
6.890000000000014e-001	7.838199e-001
6.900000000000014e-001	7.856075e-001
6.910000000000014e-001	7.873966e-001
6.920000000000014e-001	7.891871e-001
6.930000000000014e-001	7.909789e-001
6.940000000000014e-001	7.927722e-001
6.950000000000014e-001	7.945668e-001
6.960000000000014e-001	7.963628e-001
6.970000000000014e-001	7.981601e-001
6.980000000000014e-001	7.999588e-001
6.990000000000014e-001	8.017588e-001
7.000000000000014e-001	8.035601e-001
7.010000000000014e-001	8.053628e-001
7.020000000000014e-001	8.071667e-001
7.030000000000014e-001	8.089719e-001
7.040000000000014e-001	8.107784e-001
7.050000000000014e-001	8.125861e-001
7.060000000000014e-001	8.143951e-001
7.070000000000014e-001	8.162054e-001
7.080000000000014e-001	8.180169e-001
7.090000000000014e-001	8.198296e-001
7.100000000000014e-001	8.216435e-001
7.110000000000014e-001	8.234586e-001
7.120000000000014e-001	8.252749e-001
7.130000000000014e-001	8.270925e-001
7.140000000000014e-001	8.289112e-001
7.150000000000014e-001	8.307311e-001
7.160000000000014e-001	8.325521e-001
7.170000000000014e-001	8.343744e-001
7.180000000000014e-001	8.361977e-001
7.190000000000014e-001	8.380223e-001
7.200000000000014e-001	8.398480e-001
7.210000000000014e-001	8.416748e-001
7.220000000000014e-001	8.435028e-001
7.230000000000014e-001	8.453319e-001
7.240000000000014e-001	8.471621e-001
7.250000000000014e-001	8.489935e-001
7.260000000000014e-001	8.508260e-001
7.270000000000014e-001	8.526596e-001
7.280000000000014e-001	8.544943e-001
7.290000000000014e-001	8.563302e-001
7.300000000000014e-001	8.581671e-001
7.310000000000014e-001	8.600052e-001
7.320000000000014e-001	8.618444e-001
7.330000000000014e-001	8.636846e-001
7.340000000000014e-001	8.655260e-001
7.350000000000014e-001	8.673685e-001
7.360000000000014e-001	8.692121e-001
7.370000000000014e-001	8.710568e-001
7.380000000000014e-001	8.729026e-001
7.390000000000014e-001	8.747495e-001
7.400000000000014e-001	8.765975e-001
7.410000000000014e-001	8.784467e-001
7.420000000000014e-001	8.802969e-001
7.430000000000014e-001	8.821483e-001
7.440000000000014e-001	8.840008e-001
7.450000000000014e-001	8.858545e-001
7.460000000000014e-001	8.877092e-001
7.470000000000014e-001	8.895651e-001
7.480000000000014e-001	8.914222e-001
7.490000000000014e-001	8.932804e-001
7.500000000000014e-001	8.951398e-001
7.510000000000014e-001	8.970003e-001
7.520000000000015e-001	8.988619e-001
7.530000000000015e-001	9.007248e-001
7.540000000000015e-001	9.025889e-001
7.550000000000015e-001	9.044542e-001
7.560000000000015e-001	9.063207e-001
7.570000000000015e-001	9.081884e-001
7.580000000000015e-001	9.100573e-001
7.590000000000015e-001	9.119275e-001
7.600000000000015e-001	9.137990e-001
7.610000000000015e-001	9.156718e-001
7.620000000000015e-001	9.175458e-001
7.630000000000015e-001	9.194211e-001
7.640000000000015e-001	9.212978e-001
7.650000000000015e-001	9.231758e-001
7.660000000000015e-001	9.250552e-001
7.670000000000015e-001	9.269360e-001
7.680000000000015e-001	9.288181e-001
7.690000000000015e-001	9.307017e-001
7.700000000000015e-001	9.325868e-001
7.710000000000015e-001	9.344733e-001
7.720000000000015e-001	9.363613e-001
7.730000000000015e-001	9.382508e-001
7.740000000000015e-001	9.401419e-001
7.750000000000015e-001	9.420346e-001
7.760000000000015e-001	9.439288e-001
7.770000000000015e-001	9.458247e-001
7.780000000000015e-001	9.477223e-001
7.790000000000015e-001	9.496216e-001
7.800000000000015e-001	9.515226e-001
7.810000000000015e-001	9.534255e-001
7.820000000000015e-001	9.553301e-001
7.830000000000015e-001	9.572365e-001
7.840000000000015e-001	9.591449e-001
7.850000000000015e-001	9.610552e-001
7.860000000000015e-001	9.629674e-001
7.870000000000015e-001	9.648817e-001
7.880000000000015e-001	9.667980e-001
7.890000000000015e-001	9.687165e-001
7.900000000000015e-001	9.706371e-001
7.910000000000015e-001	9.725600e-001
7.920000000000015e-001	9.744851e-001
7.930000000000015e-001	9.764126e-001
7.940000000000015e-001	9.783424e-001
7.950000000000015e-001	9.802747e-001
7.960000000000015e-001	9.822095e-001
7.970000000000015e-001	9.841469e-001
7.980000000000015e-001	9.860868e-001
7.990000000000015e-001	9.880296e-001
8.000000000000015e-001	9.899751e-001
8.010000000000015e-001	9.919235e-001
8.020000000000015e-001	9.938747e-001
8.030000000000015e-001	9.958290e-001
8.040000000000015e-001	9.977863e-001
8.050000000000015e-001	9.997468e-001
8.060000000000015e-001	1.001711e+000
8.070000000000015e-001	1.003678e+000
8.080000000000015e-001	1.005648e+000
8.090000000000015e-001	1.007622e+000
8.100000000000015e-001	1.009600e+000
8.110000000000015e-001	1.011581e+000
8.120000000000015e-001	1.013566e+000
8.130000000000015e-001	1.015556e+000
8.140000000000015e-001	1.017549e+000
8.150000000000015e-001	1.019546e+000
8.160000000000015e-001	1.021547e+000
8.170000000000015e-001	1.023553e+000
8.180000000000015e-001	1.025564e+000
8.190000000000015e-001	1.027578e+000
8.200000000000015e-001	1.029598e+000
8.210000000000015e-001	1.031623e+000
8.220000000000015e-001	1.033652e+000
8.230000000000015e-001	1.035687e+000
8.240000000000015e-001	1.037726e+000
8.250000000000015e-001	1.039772e+000
8.260000000000015e-001	1.041822e+000
8.270000000000015e-001	1.043879e+000
8.280000000000015e-001	1.045941e+000
8.290000000000015e-001	1.048009e+000
8.300000000000015e-001	1.050083e+000
8.310000000000015e-001	1.052163e+000
8.320000000000015e-001	1.054250e+000
8.330000000000015e-001	1.056344e+000
8.340000000000015e-001	1.058444e+000
8.350000000000015e-001	1.060551e+000
8.360000000000015e-001	1.062665e+000
8.370000000000015e-001	1.064787e+000
8.380000000000015e-001	1.066915e+000
8.390000000000015e-001	1.069052e+000
8.400000000000015e-001	1.071196e+000
8.410000000000015e-001	1.073348e+000
8.420000000000015e-001	1.075508e+000
8.430000000000015e-001	1.077677e+000
8.440000000000015e-001	1.079853e+000
8.450000000000015e-001	1.082039e+000
8.460000000000015e-001	1.084233e+000
8.470000000000015e-001	1.086437e+000
8.480000000000015e-001	1.088649e+000
8.490000000000015e-001	1.090871e+000
8.500000000000015e-001	1.093103e+000
8.510000000000015e-001	1.095344e+000
8.520000000000015e-001	1.097595e+000
8.530000000000015e-001	1.099856e+000
8.540000000000015e-001	1.102128e+000
8.550000000000015e-001	1.104410e+000
8.560000000000015e-001	1.106703e+000
8.570000000000015e-001	1.109006e+000
8.580000000000015e-001	1.111321e+000
8.590000000000015e-001	1.113646e+000
8.600000000000015e-001	1.115983e+000
8.610000000000015e-001	1.118332e+000
8.620000000000015e-001	1.120692e+000
8.630000000000015e-001	1.123064e+000
8.640000000000015e-001	1.125448e+000
8.650000000000016e-001	1.127845e+000
8.660000000000016e-001	1.130253e+000
8.670000000000016e-001	1.132674e+000
8.680000000000016e-001	1.135108e+000
8.690000000000016e-001	1.137554e+000
8.700000000000016e-001	1.140014e+000
8.710000000000016e-001	1.142486e+000
8.720000000000016e-001	1.144972e+000
8.730000000000016e-001	1.147470e+000
8.740000000000016e-001	1.149983e+000
8.750000000000016e-001	1.152508e+000
8.760000000000016e-001	1.155048e+000
8.770000000000016e-001	1.157601e+000
8.780000000000016e-001	1.160168e+000
8.790000000000016e-001	1.162748e+000
8.800000000000016e-001	1.165343e+000
8.810000000000016e-001	1.167952e+000
8.820000000000016e-001	1.170575e+000
8.830000000000016e-001	1.173212e+000
8.840000000000016e-001	1.175864e+000
8.850000000000016e-001	1.178530e+000
8.860000000000016e-001	1.181210e+000
8.870000000000016e-001	1.183904e+000
8.880000000000016e-001	1.186614e+000
8.890000000000016e-001	1.189337e+000
8.900000000000016e-001	1.192075e+000
8.910000000000016e-001	1.194828e+000
8.920000000000016e-001	1.197595e+000
8.930000000000016e-001	1.200377e+000
8.940000000000016e-001	1.203173e+000
8.950000000000016e-001	1.205984e+000
8.960000000000016e-001	1.208809e+000
8.970000000000016e-001	1.211649e+000
8.980000000000016e-001	1.214503e+000
8.990000000000016e-001	1.217372e+000
9.000000000000016e-001	1.220255e+000
9.010000000000016e-001	1.223153e+000
9.020000000000016e-001	1.226065e+000
9.030000000000016e-001	1.228991e+000
9.040000000000016e-001	1.231932e+000
9.050000000000016e-001	1.234886e+000
9.060000000000016e-001	1.237855e+000
9.070000000000016e-001	1.240838e+000
9.080000000000016e-001	1.243835e+000
9.090000000000016e-001	1.246846e+000
9.100000000000016e-001	1.249871e+000
9.110000000000016e-001	1.252910e+000
9.120000000000016e-001	1.255962e+000
9.130000000000016e-001	1.259028e+000
9.140000000000016e-001	1.262108e+000
9.150000000000016e-001	1.265201e+000
9.160000000000016e-001	1.268307e+000
9.170000000000016e-001	1.271427e+000
9.180000000000016e-001	1.274559e+000
9.190000000000016e-001	1.277705e+000
9.200000000000016e-001	1.280864e+000
9.210000000000016e-001	1.284036e+000
9.220000000000016e-001	1.287220e+000
9.230000000000016e-001	1.290418e+000
9.240000000000016e-001	1.293627e+000
9.250000000000016e-001	1.296849e+000
9.260000000000016e-001	1.300084e+000
9.270000000000016e-001	1.303330e+000
9.280000000000016e-001	1.306589e+000
9.290000000000016e-001	1.309860e+000
9.300000000000016e-001	1.313143e+000
9.310000000000016e-001	1.316437e+000
9.320000000000016e-001	1.319743e+000
9.330000000000016e-001	1.323061e+000
9.340000000000016e-001	1.326390e+000
9.350000000000016e-001	1.329730e+000
9.360000000000016e-001	1.333082e+000
9.370000000000016e-001	1.336444e+000
9.380000000000016e-001	1.339818e+000
9.390000000000016e-001	1.343202e+000
9.400000000000016e-001	1.346598e+000
9.410000000000016e-001	1.350003e+000
9.420000000000016e-001	1.353420e+000
9.430000000000016e-001	1.356846e+000
9.440000000000016e-001	1.360283e+000
9.450000000000016e-001	1.363730e+000
9.460000000000016e-001	1.367188e+000
9.470000000000016e-001	1.370655e+000
9.480000000000016e-001	1.374132e+000
9.490000000000016e-001	1.377618e+000
9.500000000000016e-001	1.381114e+000
9.510000000000016e-001	1.384620e+000
9.520000000000016e-001	1.388135e+000
9.530000000000016e-001	1.391660e+000
9.540000000000016e-001	1.395193e+000
9.550000000000016e-001	1.398736e+000
9.560000000000016e-001	1.402288e+000
9.570000000000016e-001	1.405848e+000
9.580000000000016e-001	1.409418e+000
9.590000000000016e-001	1.412995e+000
9.600000000000016e-001	1.416582e+000
9.610000000000016e-001	1.420177e+000
9.620000000000016e-001	1.423780e+000
9.630000000000016e-001	1.427392e+000
9.640000000000016e-001	1.431011e+000
9.650000000000016e-001	1.434639e+000
9.660000000000016e-001	1.438275e+000
9.670000000000016e-001	1.441918e+000
9.680000000000016e-001	1.445570e+000
9.690000000000016e-001	1.449229e+000
9.700000000000016e-001	1.452896e+000
9.710000000000016e-001	1.456570e+000
9.720000000000016e-001	1.460252e+000
9.730000000000016e-001	1.463941e+000
9.740000000000016e-001	1.467637e+000
9.750000000000016e-001	1.471340e+000
9.760000000000016e-001	1.475051e+000
9.770000000000016e-001	1.478768e+000
9.780000000000017e-001	1.482493e+000
9.790000000000017e-001	1.486224e+000
9.800000000000017e-001	1.489962e+000
9.810000000000017e-001	1.493707e+000
9.820000000000017e-001	1.497458e+000
9.830000000000017e-001	1.501216e+000
9.840000000000017e-001	1.504980e+000
9.850000000000017e-001	1.508751e+000
9.860000000000017e-001	1.512527e+000
9.870000000000017e-001	1.516311e+000
9.880000000000017e-001	1.520100e+000
9.890000000000017e-001	1.523895e+000
9.900000000000017e-001	1.527697e+000
9.910000000000017e-001	1.531504e+000
9.920000000000017e-001	1.535317e+000
9.930000000000017e-001	1.539136e+000
9.940000000000017e-001	1.542961e+000
9.950000000000017e-001	1.546792e+000
9.960000000000017e-001	1.550628e+000
9.970000000000017e-001	1.554469e+000
9.980000000000017e-001	1.558316e+000
9.990000000000017e-001	1.562169e+000
1.000000000000000e+000	1.566027e+000
