time	V(n004)	V(n005)
0.000000000000000e+000	6.842417e+000	-1.254634e+001
2.365112304700962e-008	6.849886e+000	-1.240113e+001
4.806518554695272e-008	6.857504e+000	-1.223138e+001
8.193780593303626e-008	6.867692e+000	-1.196300e+001
1.366758259264446e-007	6.882360e+000	-1.146518e+001
1.997741958582357e-007	6.895020e+000	-1.083252e+001
2.576514826482454e-007	6.901695e+000	-1.022515e+001
3.125376344241017e-007	6.904829e+000	-9.643553e+000
4.479691072777070e-007	6.910589e+000	-8.208374e+000
9.255224568765173e-007	6.924830e+000	-3.147073e+000
1.657309259265726e-006	6.922062e+000	4.609607e+000
2.219165595485160e-006	6.903625e+000	1.056570e+001
2.456550079691072e-006	6.871305e+000	1.283893e+001
2.549909654439575e-006	6.834823e+000	1.333160e+001
2.621465839387424e-006	6.802901e+000	1.341223e+001
2.632303027273655e-006	6.800946e+000	1.341450e+001
2.644529701808888e-006	6.800820e+000	1.341651e+001
2.650704683905721e-006	6.800842e+000	1.341746e+001
2.659282283407061e-006	6.800917e+000	1.341871e+001
2.669588593879647e-006	6.800991e+000	1.342013e+001
2.680938857540019e-006	6.801003e+000	1.342161e+001
2.692881153690697e-006	6.800907e+000	1.342307e+001
2.704075177586453e-006	6.800682e+000	1.342435e+001
2.720378931822011e-006	6.800148e+000	1.342609e+001
2.736038153400722e-006	6.799452e+000	1.342766e+001
2.749409103122713e-006	6.798722e+000	1.342891e+001
2.765628780381554e-006	6.797717e+000	1.343034e+001
2.779610395279956e-006	6.796782e+000	1.343150e+001
2.795921788795782e-006	6.795640e+000	1.343277e+001
2.814783677105703e-006	6.794292e+000	1.343416e+001
2.833128696893249e-006	6.792974e+000	1.343543e+001
2.852434910143292e-006	6.791595e+000	1.343669e+001
2.870447038136846e-006	6.790322e+000	1.343779e+001
2.912475971979592e-006	6.787403e+000	1.344016e+001
2.934825559924685e-006	6.785871e+000	1.344131e+001
2.980175682023700e-006	6.782783e+000	1.344345e+001
3.004084748980430e-006	6.781160e+000	1.344449e+001
3.055590144465485e-006	6.777668e+000	1.344655e+001
3.080120376584058e-006	6.776005e+000	1.344745e+001
3.138929343672083e-006	6.772022e+000	1.344944e+001
3.167919111166182e-006	6.770061e+000	1.345035e+001
3.197999344270886e-006	6.768026e+000	1.345123e+001
3.302424226128908e-006	6.760973e+000	1.345383e+001
3.406849107986930e-006	6.753922e+000	1.345618e+001
3.511273989844952e-006	6.746875e+000	1.345827e+001
3.615698871702974e-006	6.739831e+000	1.346010e+001
3.720123753560996e-006	6.732790e+000	1.346168e+001
3.824548635419018e-006	6.725752e+000	1.346300e+001
3.928973517277039e-006	6.718718e+000	1.346406e+001
5.021208330543311e-006	6.645138e+000	1.346912e+001
6.113443143809583e-006	6.571558e+000	1.347310e+001
7.205677957075856e-006	6.497978e+000	1.347598e+001
8.297912770342127e-006	6.424398e+000	1.347778e+001
9.390147583608400e-006	6.350818e+000	1.347848e+001
1.048238239687467e-005	6.277238e+000	1.347809e+001
1.157461721014094e-005	6.203659e+000	1.347661e+001
1.447986776906850e-005	6.007939e+000	1.347664e+001
1.738511832799606e-005	5.812220e+000	1.347666e+001
2.029036888692362e-005	5.616501e+000	1.347668e+001
2.319561944585118e-005	5.420781e+000	1.347669e+001
2.610087000477873e-005	5.225062e+000	1.347669e+001
2.900612056370629e-005	5.029343e+000	1.347669e+001
3.191137112263385e-005	4.833623e+000	1.347668e+001
3.537217201292136e-005	4.600478e+000	1.347668e+001
3.927842201292137e-005	4.337324e+000	1.347668e+001
4.318467201292137e-005	4.074170e+000	1.347668e+001
4.709092201292137e-005	3.811016e+000	1.347668e+001
5.099717201292138e-005	3.547862e+000	1.347668e+001
5.490342201292138e-005	3.284708e+000	1.347668e+001
5.880967201292138e-005	3.021554e+000	1.347668e+001
6.271592201292139e-005	2.758400e+000	1.347668e+001
6.662217201292139e-005	2.495246e+000	1.347668e+001
7.052842201292139e-005	2.232092e+000	1.347668e+001
7.834092201292140e-005	1.705784e+000	1.347668e+001
8.615342201292141e-005	1.179476e+000	1.347668e+001
9.005967201292141e-005	9.163224e-001	1.347668e+001
9.396592201292141e-005	6.531686e-001	1.347668e+001
9.787217201292142e-005	3.900149e-001	1.347668e+001
1.017784220129214e-004	1.268611e-001	1.347668e+001
1.056846720129214e-004	-1.362926e-001	1.347668e+001
1.095909220129214e-004	-3.994463e-001	1.347668e+001
1.134971720129214e-004	-6.626000e-001	1.347668e+001
1.174034220129214e-004	-9.257536e-001	1.347668e+001
1.213096720129214e-004	-1.188907e+000	1.347668e+001
1.252159220129214e-004	-1.452061e+000	1.347668e+001
1.291221720129215e-004	-1.715214e+000	1.347668e+001
1.330284220129215e-004	-1.978368e+000	1.347668e+001
1.369346720129215e-004	-2.241521e+000	1.347668e+001
1.384026282019355e-004	-2.340414e+000	1.347667e+001
1.392323208324851e-004	-2.396308e+000	1.347667e+001
1.400970020834394e-004	-2.454559e+000	1.347667e+001
1.404539492078408e-004	-2.478606e+000	1.347667e+001
1.407261948232802e-004	-2.496946e+000	1.347667e+001
1.412898108441537e-004	-2.534915e+000	1.347667e+001
1.419490296674952e-004	-2.579325e+000	1.347667e+001
1.423059314894326e-004	-2.603369e+000	1.347667e+001
1.431030157139747e-004	-2.657066e+000	1.347667e+001
1.446627792240302e-004	-2.762143e+000	1.347667e+001
1.471023349938570e-004	-2.926489e+000	1.347667e+001
1.496163119455462e-004	-3.095849e+000	1.347667e+001
1.512856134718377e-004	-3.208305e+000	1.347667e+001
1.534637386535775e-004	-3.355040e+000	1.347667e+001
1.564402171790962e-004	-3.555557e+000	1.347667e+001
1.603464671790962e-004	-3.818710e+000	1.347667e+001
1.642527171790962e-004	-4.081863e+000	1.347667e+001
1.681589671790962e-004	-4.345017e+000	1.347667e+001
1.720652171790962e-004	-4.608170e+000	1.347667e+001
1.759714671790962e-004	-4.871323e+000	1.347667e+001
1.798777171790962e-004	-5.134477e+000	1.347667e+001
1.876902171790962e-004	-5.660771e+000	1.347547e+001
1.954733922990564e-004	-6.184906e+000	1.346496e+001
1.993796422990564e-004	-6.447702e+000	1.344917e+001
2.032858922990564e-004	-6.710271e+000	1.342192e+001
2.033906254141453e-004	-6.717314e+000	1.342052e+001
2.036000916443236e-004	-6.731400e+000	1.341608e+001
2.040190241046798e-004	-6.759588e+000	1.340309e+001
2.044704136990728e-004	-6.790061e+000	1.338244e+001
2.045157440155529e-004	-6.793175e+000	1.337884e+001
2.046064046485126e-004	-6.799547e+000	1.336804e+001
2.046594076406247e-004	-6.803385e+000	1.335932e+001
2.047039990881404e-004	-6.806791e+000	1.334882e+001
2.047343164608235e-004	-6.809314e+000	1.333869e+001
2.047575592443898e-004	-6.811500e+000	1.332767e+001
2.047764472929547e-004	-6.813582e+000	1.331508e+001
2.047931520488275e-004	-6.815816e+000	1.329941e+001
2.048098856161002e-004	-6.818573e+000	1.327741e+001
2.048308589747477e-004	-6.822626e+000	1.324061e+001
2.048546362504004e-004	-6.827523e+000	1.318874e+001
2.048801991987839e-004	-6.832706e+000	1.312235e+001
2.049092264620024e-004	-6.838396e+000	1.303274e+001
2.049466608914493e-004	-6.845899e+000	1.288937e+001
2.050038584796646e-004	-6.858576e+000	1.260677e+001
2.050665812283886e-004	-6.874355e+000	1.219254e+001
2.051500085439098e-004	-6.896060e+000	1.148896e+001
2.052100648878528e-004	-6.908600e+000	1.089810e+001
2.052750156811205e-004	-6.916454e+000	1.021344e+001
2.053349501359007e-004	-6.920012e+000	9.574590e+000
2.053980169214632e-004	-6.922681e+000	8.901459e+000
2.057527955136216e-004	-6.936063e+000	5.099050e+000
2.059624926939799e-004	-6.940451e+000	2.838954e+000
2.063818870546969e-004	-6.939841e+000	-1.714455e+000
2.072206757761310e-004	-6.918970e+000	-1.089025e+001
2.074303729564892e-004	-6.883822e+000	-1.289091e+001
2.075315838391653e-004	-6.836820e+000	-1.337247e+001
2.075815596215718e-004	-6.815000e+000	-1.341327e+001
2.075892596593871e-004	-6.814103e+000	-1.341482e+001
2.075980162032417e-004	-6.814279e+000	-1.341631e+001
2.076067881019795e-004	-6.814548e+000	-1.341772e+001
2.076149524980497e-004	-6.814821e+000	-1.341897e+001
2.076252842192284e-004	-6.815131e+000	-1.342045e+001
2.076351086971497e-004	-6.815339e+000	-1.342177e+001
2.076469358294271e-004	-6.815441e+000	-1.342327e+001
2.076587649968973e-004	-6.815366e+000	-1.342468e+001
2.076733832252018e-004	-6.815032e+000	-1.342631e+001
2.076894257460444e-004	-6.814400e+000	-1.342796e+001
2.077125621302600e-004	-6.813142e+000	-1.343014e+001
2.077377523034604e-004	-6.811505e+000	-1.343231e+001
2.077627251068580e-004	-6.809733e+000	-1.343426e+001
2.078245101589321e-004	-6.805278e+000	-1.343843e+001
2.078631629991229e-004	-6.802574e+000	-1.344064e+001
2.079141166381818e-004	-6.799081e+000	-1.344321e+001
2.081927527963633e-004	-6.780204e+000	-1.345307e+001
2.088165749854986e-004	-6.738120e+000	-1.346384e+001
2.109596742874060e-004	-6.593730e+000	-1.347493e+001
2.162170588822072e-004	-6.239530e+000	-1.347768e+001
2.189618044892983e-004	-6.054608e+000	-1.347774e+001
2.228680544892983e-004	-5.791432e+000	-1.347773e+001
2.267743044892983e-004	-5.528257e+000	-1.347771e+001
2.306805544892983e-004	-5.265083e+000	-1.347768e+001
2.345868044892983e-004	-5.001909e+000	-1.347766e+001
2.384930544892983e-004	-4.738735e+000	-1.347764e+001
2.423993044892983e-004	-4.475562e+000	-1.347762e+001
2.463055544892983e-004	-4.212389e+000	-1.347760e+001
2.502118044892983e-004	-3.949217e+000	-1.347758e+001
2.541180544892983e-004	-3.686045e+000	-1.347756e+001
2.580243044892983e-004	-3.422873e+000	-1.347754e+001
2.619305544892983e-004	-3.159703e+000	-1.347751e+001
2.658368044892983e-004	-2.896532e+000	-1.347749e+001
2.697430544892983e-004	-2.633362e+000	-1.347747e+001
2.736493044892983e-004	-2.370192e+000	-1.347745e+001
2.775555544892983e-004	-2.107023e+000	-1.347743e+001
2.853680544892983e-004	-1.580686e+000	-1.347738e+001
2.931805544892983e-004	-1.054351e+000	-1.347734e+001
2.970868044892983e-004	-7.911837e-001	-1.347732e+001
3.009930544892983e-004	-5.280172e-001	-1.347730e+001
3.048993044892983e-004	-2.648511e-001	-1.347727e+001
3.088055544892983e-004	-1.685426e-003	-1.347725e+001
3.127118044892983e-004	2.614797e-001	-1.347723e+001
3.166180544892983e-004	5.246444e-001	-1.347721e+001
3.205243044892983e-004	7.878087e-001	-1.347719e+001
3.244305544892983e-004	1.050973e+000	-1.347716e+001
3.283368044892984e-004	1.314136e+000	-1.347714e+001
3.322430544892984e-004	1.577299e+000	-1.347712e+001
3.361493044892984e-004	1.840461e+000	-1.347710e+001
3.400555544892984e-004	2.103623e+000	-1.347707e+001
3.419319857226677e-004	2.230037e+000	-1.347706e+001
3.428728038393633e-004	2.293420e+000	-1.347706e+001
3.435405389104382e-004	2.338404e+000	-1.347705e+001
3.439133734242992e-004	2.363522e+000	-1.347705e+001
3.441173879045693e-004	2.377266e+000	-1.347705e+001
3.446625247078951e-004	2.413992e+000	-1.347705e+001
3.449985889645083e-004	2.436632e+000	-1.347705e+001
3.453049094933004e-004	2.457269e+000	-1.347704e+001
3.455633961882269e-004	2.474683e+000	-1.347704e+001
3.458371269015451e-004	2.493124e+000	-1.347704e+001
3.466523626274617e-004	2.548046e+000	-1.347704e+001
3.476891237432140e-004	2.617892e+000	-1.347703e+001
3.496617147557626e-004	2.750783e+000	-1.347702e+001
3.514484103583821e-004	2.871151e+000	-1.347701e+001
3.538771266734142e-004	3.034772e+000	-1.347700e+001
3.573540591749859e-004	3.269009e+000	-1.347698e+001
3.596778615763997e-004	3.425561e+000	-1.347696e+001
3.626107563558332e-004	3.623146e+000	-1.347694e+001
3.665170063558332e-004	3.886305e+000	-1.347692e+001
3.704232563558332e-004	4.149464e+000	-1.347690e+001
3.743295063558332e-004	4.412621e+000	-1.347688e+001
3.782357563558332e-004	4.675779e+000	-1.347686e+001
3.821420063558332e-004	4.938936e+000	-1.347683e+001
3.860482563558332e-004	5.202093e+000	-1.347681e+001
3.938607563558332e-004	5.728386e+000	-1.347498e+001
4.016732563558332e-004	6.254438e+000	-1.346208e+001
4.055795063558332e-004	6.517124e+000	-1.343807e+001
4.094857563558332e-004	6.779545e+000	-1.338924e+001
4.095467915120831e-004	6.783718e+000	-1.338644e+001
4.096688618245832e-004	6.792207e+000	-1.337596e+001
4.097398089021789e-004	6.797181e+000	-1.336758e+001
4.097985732033271e-004	6.801425e+000	-1.335772e+001
4.098359964844704e-004	6.804288e+000	-1.334882e+001
4.098676410055056e-004	6.806926e+000	-1.333821e+001
4.098911417633961e-004	6.809134e+000	-1.332710e+001
4.099103508206090e-004	6.811252e+000	-1.331428e+001
4.099272989513602e-004	6.813519e+000	-1.329833e+001
4.099443347396216e-004	6.816320e+000	-1.327589e+001
4.099654252526647e-004	6.820368e+000	-1.323883e+001
4.099905788245701e-004	6.825487e+000	-1.318384e+001
4.100174220529845e-004	6.830850e+000	-1.311384e+001
4.100469213250192e-004	6.836574e+000	-1.302171e+001
4.100868123545639e-004	6.844566e+000	-1.286640e+001
4.101440816777261e-004	6.857358e+000	-1.257788e+001
4.102075037682547e-004	6.873456e+000	-1.215691e+001
4.102771469893930e-004	6.891892e+000	-1.157368e+001
4.103319436396359e-004	6.903954e+000	-1.103970e+001
4.103953276144161e-004	6.912477e+000	-1.037795e+001
4.104617426376636e-004	6.916886e+000	-9.674746e+000
4.106024475773727e-004	6.922895e+000	-8.183619e+000
4.108225490096576e-004	6.930401e+000	-5.850928e+000
4.110426504419425e-004	6.935466e+000	-3.518146e+000
4.112627518742275e-004	6.938089e+000	-1.185275e+000
4.114828533065124e-004	6.938271e+000	1.147687e+000
4.117029547387974e-004	6.936012e+000	3.480740e+000
4.119230561710823e-004	6.931311e+000	5.813883e+000
4.121431576033672e-004	6.924169e+000	8.147116e+000
4.124928346948779e-004	6.907621e+000	1.180976e+001
4.126459760308752e-004	6.875381e+000	1.315098e+001
4.127079671810865e-004	6.841873e+000	1.339006e+001
4.127526551461471e-004	6.817605e+000	1.340812e+001
4.127637431699488e-004	6.815155e+000	1.341068e+001
4.127756673097376e-004	6.814387e+000	1.341296e+001
4.127828517662422e-004	6.814158e+000	1.341424e+001
4.127922563504009e-004	6.814035e+000	1.341580e+001
4.128017619576914e-004	6.813989e+000	1.341729e+001
4.128126733328906e-004	6.813963e+000	1.341889e+001
4.128215725556681e-004	6.813920e+000	1.342012e+001
4.128314768415270e-004	6.813819e+000	1.342141e+001
4.128407083456558e-004	6.813660e+000	1.342255e+001
4.128497050177793e-004	6.813432e+000	1.342362e+001
4.128601676018358e-004	6.813087e+000	1.342479e+001
4.128677332358439e-004	6.812782e+000	1.342561e+001
4.128780832467634e-004	6.812292e+000	1.342667e+001
4.128885590914551e-004	6.811734e+000	1.342770e+001
4.128983491157603e-004	6.811161e+000	1.342863e+001
4.129089816069472e-004	6.810494e+000	1.342959e+001
4.129288909017750e-004	6.809155e+000	1.343127e+001
4.129384091478006e-004	6.808491e+000	1.343204e+001
4.129505373591993e-004	6.807631e+000	1.343297e+001
4.129618747317201e-004	6.806821e+000	1.343381e+001
4.129733072201240e-004	6.806003e+000	1.343462e+001
4.129852493195952e-004	6.805150e+000	1.343544e+001
4.129958407539753e-004	6.804397e+000	1.343614e+001
4.130076529483902e-004	6.803562e+000	1.343689e+001
4.130175461853820e-004	6.802867e+000	1.343750e+001
4.130296803047644e-004	6.802019e+000	1.343822e+001
4.130518183981984e-004	6.800486e+000	1.343948e+001
4.130754861277311e-004	6.798861e+000	1.344073e+001
4.131012345316419e-004	6.797103e+000	1.344202e+001
4.131281668557996e-004	6.795271e+000	1.344327e+001
4.131552325799281e-004	6.793433e+000	1.344446e+001
4.131819340096794e-004	6.791622e+000	1.344556e+001
4.131938905290698e-004	6.790811e+000	1.344603e+001
4.132083942502609e-004	6.789827e+000	1.344658e+001
4.132201652048010e-004	6.789030e+000	1.344702e+001
4.132347919623522e-004	6.788038e+000	1.344755e+001
4.132466312440760e-004	6.787236e+000	1.344797e+001
4.132614368308760e-004	6.786233e+000	1.344848e+001
4.132737261745476e-004	6.785401e+000	1.344889e+001
4.132886373675107e-004	6.784391e+000	1.344937e+001
4.133016517687952e-004	6.783511e+000	1.344979e+001
4.133167506600744e-004	6.782489e+000	1.345025e+001
4.133310177731127e-004	6.781524e+000	1.345068e+001
4.133465669419281e-004	6.780472e+000	1.345114e+001
4.133637372247478e-004	6.779311e+000	1.345162e+001
4.133810189159439e-004	6.778143e+000	1.345210e+001
4.133992045904072e-004	6.776914e+000	1.345259e+001
4.134150209531514e-004	6.775846e+000	1.345300e+001
4.134329167360964e-004	6.774636e+000	1.345345e+001
4.134512050852396e-004	6.773401e+000	1.345390e+001
4.134698024227438e-004	6.772145e+000	1.345434e+001
4.134898732049905e-004	6.770790e+000	1.345481e+001
4.135074284605132e-004	6.769605e+000	1.345520e+001
4.135540494275467e-004	6.766458e+000	1.345620e+001
4.135763282481866e-004	6.764955e+000	1.345666e+001
4.136319053012244e-004	6.761205e+000	1.345773e+001
4.136578097739211e-004	6.759458e+000	1.345820e+001
4.136845516926426e-004	6.757654e+000	1.345867e+001
4.137468641223609e-004	6.753452e+000	1.345970e+001
4.137781563951764e-004	6.751342e+000	1.346019e+001
4.138428732776891e-004	6.746979e+000	1.346114e+001
4.146319154204746e-004	6.693820e+000	1.346671e+001
4.154209575632601e-004	6.640661e+000	1.347115e+001
4.162099997060457e-004	6.587504e+000	1.347446e+001
4.169990418488312e-004	6.534349e+000	1.347663e+001
4.177880839916167e-004	6.481194e+000	1.347768e+001
4.185771261344022e-004	6.428042e+000	1.347759e+001
4.193661682771878e-004	6.374890e+000	1.347637e+001
4.215058069169554e-004	6.230748e+000	1.347652e+001
4.236454455567230e-004	6.086607e+000	1.347664e+001
4.257850841964907e-004	5.942465e+000	1.347671e+001
4.279247228362583e-004	5.798323e+000	1.347676e+001
4.300643614760260e-004	5.654181e+000	1.347676e+001
4.322040001157936e-004	5.510039e+000	1.347674e+001
4.343436387555613e-004	5.365896e+000	1.347668e+001
4.382498887555613e-004	5.102742e+000	1.347668e+001
4.421561387555613e-004	4.839588e+000	1.347668e+001
4.460623887555613e-004	4.576434e+000	1.347668e+001
4.499686387555613e-004	4.313280e+000	1.347668e+001
4.538748887555613e-004	4.050126e+000	1.347668e+001
4.577811387555613e-004	3.786972e+000	1.347668e+001
4.616873887555613e-004	3.523818e+000	1.347668e+001
4.655936387555613e-004	3.260664e+000	1.347668e+001
4.694998887555613e-004	2.997510e+000	1.347668e+001
4.734061387555613e-004	2.734356e+000	1.347668e+001
4.773123887555613e-004	2.471202e+000	1.347668e+001
4.812186387555613e-004	2.208048e+000	1.347668e+001
4.890311387555613e-004	1.681740e+000	1.347668e+001
4.968436387555613e-004	1.155432e+000	1.347668e+001
5.007498887555613e-004	8.922786e-001	1.347668e+001
5.046561387555613e-004	6.291248e-001	1.347668e+001
5.085623887555613e-004	3.659710e-001	1.347668e+001
5.124686387555613e-004	1.028173e-001	1.347668e+001
5.163748887555613e-004	-1.603365e-001	1.347668e+001
5.202811387555613e-004	-4.234902e-001	1.347668e+001
5.241873887555613e-004	-6.866438e-001	1.347668e+001
5.280936387555613e-004	-9.497975e-001	1.347668e+001
5.319998887555614e-004	-1.212951e+000	1.347668e+001
5.359061387555614e-004	-1.476105e+000	1.347668e+001
5.398123887555614e-004	-1.739258e+000	1.347668e+001
5.437186387555614e-004	-2.002412e+000	1.347668e+001
5.476248887555614e-004	-2.265565e+000	1.347667e+001
5.491076173632530e-004	-2.365453e+000	1.347667e+001
5.498371238024592e-004	-2.414598e+000	1.347667e+001
5.505073365845168e-004	-2.459748e+000	1.347667e+001
5.507256827369028e-004	-2.474457e+000	1.347667e+001
5.512259093604041e-004	-2.508156e+000	1.347667e+001
5.520896949980018e-004	-2.566347e+000	1.347667e+001
5.526976985630551e-004	-2.607307e+000	1.347667e+001
5.534317684763811e-004	-2.656759e+000	1.347667e+001
5.543311508546035e-004	-2.717348e+000	1.347667e+001
5.554632206969767e-004	-2.793612e+000	1.347667e+001
5.568333619099084e-004	-2.885915e+000	1.347667e+001
5.585389681939303e-004	-3.000817e+000	1.347667e+001
5.607599427671743e-004	-3.150438e+000	1.347667e+001
5.638389952268919e-004	-3.357866e+000	1.347667e+001
5.677452452268919e-004	-3.621019e+000	1.347667e+001
5.716514952268919e-004	-3.884172e+000	1.347667e+001
5.755577452268919e-004	-4.147326e+000	1.347667e+001
5.794639952268919e-004	-4.410479e+000	1.347667e+001
5.833702452268919e-004	-4.673632e+000	1.347667e+001
5.872764952268919e-004	-4.936785e+000	1.347667e+001
5.911827452268919e-004	-5.199938e+000	1.347667e+001
5.989952452268919e-004	-5.726228e+000	1.347492e+001
6.068077452268919e-004	-6.252279e+000	1.346215e+001
6.107139952268919e-004	-6.514968e+000	1.343868e+001
6.146202452268919e-004	-6.777391e+000	1.339145e+001
6.146812803831418e-004	-6.781553e+000	1.338890e+001
6.148033506956419e-004	-6.789996e+000	1.337931e+001
6.149012341003209e-004	-6.796809e+000	1.336877e+001
6.149591702634639e-004	-6.800959e+000	1.335978e+001
6.149991769414265e-004	-6.803987e+000	1.335086e+001
6.150333147205062e-004	-6.806780e+000	1.334014e+001
6.150581808947466e-004	-6.809061e+000	1.332908e+001
6.150780420687662e-004	-6.811188e+000	1.331656e+001
6.150951452215479e-004	-6.813402e+000	1.330133e+001
6.151119189020306e-004	-6.816083e+000	1.328022e+001
6.151335233504692e-004	-6.820165e+000	1.324374e+001
6.151556450117056e-004	-6.824663e+000	1.319708e+001
6.151804017611603e-004	-6.829660e+000	1.313477e+001
6.152093544929123e-004	-6.835306e+000	1.304856e+001
6.152447973938433e-004	-6.842328e+000	1.291766e+001
6.153032462965676e-004	-6.855061e+000	1.263875e+001
6.153661750700813e-004	-6.870719e+000	1.223640e+001
6.154466905338610e-004	-6.891948e+000	1.157449e+001
6.155034961925570e-004	-6.904496e+000	1.102371e+001
6.155692288898262e-004	-6.913355e+000	1.033423e+001
6.156355979663772e-004	-6.917765e+000	9.627317e+000
6.157763719674470e-004	-6.923917e+000	8.123788e+000
6.162115223729272e-004	-6.937556e+000	3.449579e+000
6.165881783495733e-004	-6.938931e+000	-6.330071e-001
6.173414903028660e-004	-6.924497e+000	-8.858735e+000
6.177010875573039e-004	-6.889006e+000	-1.252961e+001
6.178224597542365e-004	-6.847045e+000	-1.339065e+001
6.178252073583915e-004	-6.845377e+000	-1.339761e+001
6.178307025667012e-004	-6.841776e+000	-1.339940e+001
6.178416929833205e-004	-6.835743e+000	-1.340260e+001
6.178636738165596e-004	-6.826738e+000	-1.340817e+001
6.178836837212004e-004	-6.821534e+000	-1.341239e+001
6.179126934551622e-004	-6.817335e+000	-1.341753e+001
6.179243227693249e-004	-6.816361e+000	-1.341935e+001
6.179345168235138e-004	-6.815845e+000	-1.342079e+001
6.179466531881970e-004	-6.815335e+000	-1.342239e+001
6.179740073768789e-004	-6.814249e+000	-1.342564e+001
6.179894532879209e-004	-6.813560e+000	-1.342729e+001
6.180070582765341e-004	-6.812665e+000	-1.342902e+001
6.180290648442046e-004	-6.811393e+000	-1.343101e+001
6.180575620029004e-004	-6.809564e+000	-1.343332e+001
6.181040678425068e-004	-6.806387e+000	-1.343665e+001
6.181977856035497e-004	-6.799889e+000	-1.344210e+001
6.183495111351514e-004	-6.789572e+000	-1.344840e+001
6.186365763395513e-004	-6.770163e+000	-1.345633e+001
6.194387584942639e-004	-6.716080e+000	-1.346702e+001
6.220695065197049e-004	-6.538842e+000	-1.347620e+001
6.255332922025462e-004	-6.305480e+000	-1.347762e+001
6.284810452318228e-004	-6.106881e+000	-1.347773e+001
6.320579062895093e-004	-5.865898e+000	-1.347773e+001
6.359641562895093e-004	-5.602723e+000	-1.347771e+001
6.398704062895093e-004	-5.339548e+000	-1.347769e+001
6.437766562895093e-004	-5.076374e+000	-1.347767e+001
6.476829062895093e-004	-4.813200e+000	-1.347765e+001
6.515891562895093e-004	-4.550027e+000	-1.347763e+001
6.554954062895093e-004	-4.286854e+000	-1.347761e+001
6.594016562895093e-004	-4.023681e+000	-1.347758e+001
6.633079062895093e-004	-3.760509e+000	-1.347756e+001
6.672141562895093e-004	-3.497338e+000	-1.347754e+001
6.711204062895093e-004	-3.234167e+000	-1.347752e+001
6.750266562895093e-004	-2.970996e+000	-1.347750e+001
6.789329062895093e-004	-2.707826e+000	-1.347748e+001
6.828391562895093e-004	-2.444656e+000	-1.347746e+001
6.867454062895093e-004	-2.181486e+000	-1.347743e+001
6.945579062895093e-004	-1.655149e+000	-1.347739e+001
7.023704062895093e-004	-1.128814e+000	-1.347735e+001
7.062766562895093e-004	-8.656465e-001	-1.347732e+001
7.101829062895093e-004	-6.024798e-001	-1.347730e+001
7.140891562895093e-004	-3.393136e-001	-1.347728e+001
7.179954062895093e-004	-7.614786e-002	-1.347726e+001
7.219016562895093e-004	1.870174e-001	-1.347724e+001
7.258079062895093e-004	4.501823e-001	-1.347721e+001
7.297141562895093e-004	7.133467e-001	-1.347719e+001
7.336204062895094e-004	9.765106e-001	-1.347717e+001
7.375266562895094e-004	1.239674e+000	-1.347715e+001
7.414329062895094e-004	1.502837e+000	-1.347713e+001
7.453391562895094e-004	1.766000e+000	-1.347710e+001
7.492454062895094e-004	2.029162e+000	-1.347708e+001
7.526831028785894e-004	2.260757e+000	-1.347706e+001
7.535955080755995e-004	2.322226e+000	-1.347706e+001
7.539953840426960e-004	2.349165e+000	-1.347705e+001
7.541978782961687e-004	2.362807e+000	-1.347705e+001
7.546028668031137e-004	2.390091e+000	-1.347705e+001
7.549779577142434e-004	2.415360e+000	-1.347705e+001
7.553314045926594e-004	2.439172e+000	-1.347705e+001
7.556265270839586e-004	2.459054e+000	-1.347704e+001
7.559086810950836e-004	2.478062e+000	-1.347704e+001
7.561633509266560e-004	2.495219e+000	-1.347704e+001
7.569521982080329e-004	2.548363e+000	-1.347704e+001
7.581642933203272e-004	2.630021e+000	-1.347703e+001
7.613001134022390e-004	2.841279e+000	-1.347701e+001
7.644359334841508e-004	3.052536e+000	-1.347699e+001
7.675717535660626e-004	3.263793e+000	-1.347698e+001
7.707075736479745e-004	3.475049e+000	-1.347696e+001
7.738433937298863e-004	3.686306e+000	-1.347694e+001
7.769792138117981e-004	3.897561e+000	-1.347692e+001
7.801150338937100e-004	4.108817e+000	-1.347690e+001
7.840212838937100e-004	4.371975e+000	-1.347688e+001
7.879275338937100e-004	4.635133e+000	-1.347686e+001
7.918337838937100e-004	4.898290e+000	-1.347684e+001
7.957400338937100e-004	5.161447e+000	-1.347681e+001
8.035525338937100e-004	5.687745e+000	-1.347534e+001
8.113650338937100e-004	6.213833e+000	-1.346384e+001
8.152712838937100e-004	6.476593e+000	-1.344580e+001
8.191775338937100e-004	6.739103e+000	-1.341301e+001
8.192914000539979e-004	6.746768e+000	-1.341082e+001
8.195191323745739e-004	6.762131e+000	-1.340227e+001
8.199745970157261e-004	6.792909e+000	-1.337845e+001
8.200016832406627e-004	6.794783e+000	-1.337614e+001
8.200558556905363e-004	6.798664e+000	-1.336845e+001
8.201642005902831e-004	6.806773e+000	-1.334587e+001
8.202057507945755e-004	6.810336e+000	-1.333088e+001
8.202334274919130e-004	6.813282e+000	-1.331383e+001
8.202527502597628e-004	6.815893e+000	-1.329548e+001
8.202699157946114e-004	6.818804e+000	-1.327186e+001
8.202909280386355e-004	6.822944e+000	-1.323313e+001
8.203186737558085e-004	6.828645e+000	-1.316937e+001
8.203502001924256e-004	6.834944e+000	-1.308265e+001
8.203795494253043e-004	6.840698e+000	-1.298403e+001
8.204271930554296e-004	6.850575e+000	-1.278076e+001
8.204880868035733e-004	6.864879e+000	-1.244105e+001
8.205544022726998e-004	6.882359e+000	-1.196353e+001
8.206057948268726e-004	6.895930e+000	-1.151011e+001
8.206586694395200e-004	6.907126e+000	-1.098196e+001
8.207175727984427e-004	6.914661e+000	-1.036484e+001
8.207758641136597e-004	6.918413e+000	-9.747508e+000
8.209122716653565e-004	6.924270e+000	-8.301956e+000
8.213579700738056e-004	6.937948e+000	-3.578278e+000
8.225088930084363e-004	6.924026e+000	8.621465e+000
8.228722249884698e-004	6.895677e+000	1.227758e+001
8.230093128130233e-004	6.863657e+000	1.337944e+001
8.230120389364779e-004	6.862012e+000	1.338897e+001
8.230174911833875e-004	6.857445e+000	1.339129e+001
8.230283956772062e-004	6.849173e+000	1.339545e+001
8.230438933738058e-004	6.839337e+000	1.340048e+001
8.230622138650457e-004	6.830480e+000	1.340544e+001
8.230800673365022e-004	6.824584e+000	1.340948e+001
8.231015047487252e-004	6.820162e+000	1.341361e+001
8.231198016018138e-004	6.817854e+000	1.341669e+001
8.231319575465359e-004	6.816897e+000	1.341852e+001
8.231438498124922e-004	6.816236e+000	1.342017e+001
8.231586792977006e-004	6.815557e+000	1.342207e+001
8.231722093492554e-004	6.814980e+000	1.342368e+001
8.231873378366033e-004	6.814316e+000	1.342535e+001
8.232031197553998e-004	6.813561e+000	1.342698e+001
8.232192713870500e-004	6.812694e+000	1.342852e+001
8.232446182831190e-004	6.811184e+000	1.343074e+001
8.232664160159556e-004	6.809781e+000	1.343249e+001
8.232900926333163e-004	6.808174e+000	1.343424e+001
8.233195328347189e-004	6.806131e+000	1.343622e+001
8.233495364925376e-004	6.804041e+000	1.343807e+001
8.234179598998674e-004	6.799325e+000	1.344173e+001
8.235311022770336e-004	6.791648e+000	1.344617e+001
8.236442446541999e-004	6.783980e+000	1.345008e+001
8.237573870313661e-004	6.776323e+000	1.345346e+001
8.238705294085323e-004	6.768675e+000	1.345632e+001
8.239836717856985e-004	6.761038e+000	1.345865e+001
8.240968141628648e-004	6.753411e+000	1.346045e+001
8.242099565400310e-004	6.745794e+000	1.346172e+001
8.248555061045138e-004	6.702301e+000	1.346681e+001
8.255010556689966e-004	6.658809e+000	1.347088e+001
8.261466052334794e-004	6.615319e+000	1.347393e+001
8.267921547979621e-004	6.571830e+000	1.347597e+001
8.274377043624449e-004	6.528342e+000	1.347700e+001
8.280832539269277e-004	6.484857e+000	1.347701e+001
8.287288034914105e-004	6.441372e+000	1.347600e+001
8.334098709383785e-004	6.126022e+000	1.347665e+001
8.372282652070297e-004	5.868787e+000	1.347667e+001
8.411345152070297e-004	5.605633e+000	1.347668e+001
8.450407652070297e-004	5.342479e+000	1.347668e+001
8.489470152070297e-004	5.079325e+000	1.347668e+001
8.528532652070297e-004	4.816170e+000	1.347668e+001
8.567595152070297e-004	4.553016e+000	1.347668e+001
8.606657652070297e-004	4.289862e+000	1.347668e+001
8.645720152070297e-004	4.026708e+000	1.347668e+001
8.684782652070297e-004	3.763554e+000	1.347668e+001
8.723845152070297e-004	3.500400e+000	1.347668e+001
8.762907652070297e-004	3.237246e+000	1.347668e+001
8.801970152070297e-004	2.974092e+000	1.347668e+001
8.841032652070298e-004	2.710938e+000	1.347668e+001
8.880095152070298e-004	2.447784e+000	1.347668e+001
8.919157652070298e-004	2.184630e+000	1.347668e+001
8.997282652070298e-004	1.658322e+000	1.347668e+001
9.075407652070298e-004	1.132015e+000	1.347668e+001
9.114470152070298e-004	8.688608e-001	1.347668e+001
9.153532652070298e-004	6.057070e-001	1.347668e+001
9.192595152070298e-004	3.425533e-001	1.347668e+001
9.231657652070298e-004	7.939953e-002	1.347668e+001
9.270720152070298e-004	-1.837542e-001	1.347668e+001
9.309782652070298e-004	-4.469079e-001	1.347668e+001
9.348845152070298e-004	-7.100616e-001	1.347668e+001
9.387907652070298e-004	-9.732152e-001	1.347668e+001
9.426970152070298e-004	-1.236369e+000	1.347668e+001
9.466032652070298e-004	-1.499522e+000	1.347668e+001
9.505095152070298e-004	-1.762676e+000	1.347668e+001
9.544157652070298e-004	-2.025830e+000	1.347668e+001
9.583220152070298e-004	-2.288983e+000	1.347667e+001
9.597562954110519e-004	-2.385607e+000	1.347667e+001
9.604366280232795e-004	-2.431439e+000	1.347667e+001
9.607383541404661e-004	-2.451765e+000	1.347667e+001
9.609496189894417e-004	-2.465997e+000	1.347667e+001
9.613830328594514e-004	-2.495195e+000	1.347667e+001
9.621826961697033e-004	-2.549067e+000	1.347667e+001
9.625186236338324e-004	-2.571697e+000	1.347667e+001
9.629255820627659e-004	-2.599113e+000	1.347667e+001
9.640954314817625e-004	-2.677922e+000	1.347667e+001
9.659864331246527e-004	-2.805314e+000	1.347667e+001
9.673427091787443e-004	-2.896683e+000	1.347667e+001
9.690746659338553e-004	-3.013360e+000	1.347667e+001
9.712932122367753e-004	-3.162817e+000	1.347667e+001
9.745281528862645e-004	-3.380746e+000	1.347667e+001
9.784344028862645e-004	-3.643900e+000	1.347667e+001
9.823406528862645e-004	-3.907053e+000	1.347667e+001
9.862469028862645e-004	-4.170207e+000	1.347667e+001
9.901531528862645e-004	-4.433360e+000	1.347667e+001
9.940594028862645e-004	-4.696513e+000	1.347667e+001
9.979656528862646e-004	-4.959666e+000	1.347667e+001
1.001871902886265e-003	-5.222819e+000	1.347667e+001
1.009684402886265e-003	-5.749106e+000	1.347474e+001
1.017294249848080e-003	-6.261498e+000	1.346172e+001
1.021200499848080e-003	-6.524162e+000	1.343548e+001
1.025106749848080e-003	-6.786482e+000	1.338156e+001
1.025115559907283e-003	-6.787103e+000	1.338111e+001
1.025168420262499e-003	-6.790951e+000	1.337610e+001
1.025208103395342e-003	-6.793786e+000	1.337158e+001
1.025254173660808e-003	-6.797074e+000	1.336507e+001
1.025302049110523e-003	-6.800586e+000	1.335607e+001
1.025345640806297e-003	-6.803993e+000	1.334450e+001
1.025378240772667e-003	-6.806829e+000	1.333191e+001
1.025400203970886e-003	-6.809062e+000	1.331946e+001
1.025418265182741e-003	-6.811284e+000	1.330471e+001
1.025435129215748e-003	-6.813845e+000	1.328516e+001
1.025454899356861e-003	-6.817436e+000	1.325418e+001
1.025475159551715e-003	-6.821489e+000	1.321400e+001
1.025499819308934e-003	-6.826471e+000	1.315519e+001
1.025528750019390e-003	-6.832122e+000	1.307382e+001
1.025560740574110e-003	-6.838380e+000	1.296236e+001
1.025619832334344e-003	-6.850947e+000	1.269469e+001
1.025686809503207e-003	-6.867291e+000	1.228731e+001
1.025761178855573e-003	-6.887109e+000	1.170018e+001
1.025813886795158e-003	-6.899717e+000	1.120099e+001
1.025876521827516e-003	-6.909784e+000	1.055020e+001
1.025941930847223e-003	-6.915171e+000	9.854642e+000
1.026075233204555e-003	-6.921090e+000	8.431539e+000
1.026459465658687e-003	-6.934415e+000	4.308809e+000
1.026777492872536e-003	-6.938101e+000	8.706480e-001
1.027351057482580e-003	-6.934389e+000	-5.366714e+000
1.027634894055939e-003	-6.927226e+000	-8.472130e+000
1.028019233106079e-003	-6.909309e+000	-1.270596e+001
1.028058361453799e-003	-6.904158e+000	-1.311583e+001
1.028083066571461e-003	-6.892112e+000	-1.330038e+001
1.028104419863042e-003	-6.872451e+000	-1.336606e+001
1.028128741104034e-003	-6.848435e+000	-1.338682e+001
1.028141911558817e-003	-6.838363e+000	-1.339345e+001
1.028158378944125e-003	-6.829587e+000	-1.339946e+001
1.028176008297535e-003	-6.823471e+000	-1.340459e+001
1.028201374147770e-003	-6.818342e+000	-1.341062e+001
1.028216351543369e-003	-6.816660e+000	-1.341367e+001
1.028226919605072e-003	-6.816020e+000	-1.341557e+001
1.028237589256028e-003	-6.815578e+000	-1.341732e+001
1.028274509853178e-003	-6.814363e+000	-1.342255e+001
1.028288796516809e-003	-6.813805e+000	-1.342429e+001
1.028305130223782e-003	-6.813046e+000	-1.342612e+001
1.028325257918200e-003	-6.811945e+000	-1.342819e+001
1.028351448492834e-003	-6.810308e+000	-1.343060e+001
1.028392359527743e-003	-6.807531e+000	-1.343393e+001
1.028478686400170e-003	-6.801493e+000	-1.343963e+001
1.028522622927633e-003	-6.798469e+000	-1.344199e+001
1.028702980010203e-003	-6.786221e+000	-1.344937e+001
1.029021785457769e-003	-6.764677e+000	-1.345736e+001
1.029911242073844e-003	-6.704720e+000	-1.346810e+001
1.033172394072913e-003	-6.485012e+000	-1.347683e+001
1.037035003802296e-003	-6.224778e+000	-1.347769e+001
1.039958307738429e-003	-6.027826e+000	-1.347774e+001
1.043864557738429e-003	-5.764651e+000	-1.347773e+001
1.047770807738429e-003	-5.501476e+000	-1.347770e+001
1.051677057738429e-003	-5.238302e+000	-1.347768e+001
1.055583307738429e-003	-4.975128e+000	-1.347766e+001
1.059489557738429e-003	-4.711954e+000	-1.347764e+001
1.063395807738429e-003	-4.448781e+000	-1.347762e+001
1.067302057738429e-003	-4.185608e+000	-1.347760e+001
1.071208307738429e-003	-3.922436e+000	-1.347758e+001
1.075114557738429e-003	-3.659264e+000	-1.347756e+001
1.079020807738429e-003	-3.396093e+000	-1.347753e+001
1.082927057738429e-003	-3.132922e+000	-1.347751e+001
1.086833307738429e-003	-2.869751e+000	-1.347749e+001
1.090739557738429e-003	-2.606581e+000	-1.347747e+001
1.094645807738429e-003	-2.343411e+000	-1.347745e+001
1.098552057738429e-003	-2.080242e+000	-1.347743e+001
1.106364557738429e-003	-1.553905e+000	-1.347738e+001
1.114177057738429e-003	-1.027570e+000	-1.347734e+001
1.118083307738429e-003	-7.644032e-001	-1.347732e+001
1.121989557738429e-003	-5.012367e-001	-1.347729e+001
1.125895807738429e-003	-2.380707e-001	-1.347727e+001
1.129802057738429e-003	2.509490e-002	-1.347725e+001
1.133708307738429e-003	2.882600e-001	-1.347723e+001
1.137614557738429e-003	5.514247e-001	-1.347721e+001
1.141520807738429e-003	8.145889e-001	-1.347718e+001
1.145427057738429e-003	1.077753e+000	-1.347716e+001
1.149333307738429e-003	1.340916e+000	-1.347714e+001
1.153239557738429e-003	1.604079e+000	-1.347712e+001
1.157145807738429e-003	1.867241e+000	-1.347709e+001
1.161052057738429e-003	2.130403e+000	-1.347707e+001
1.162748038448785e-003	2.244660e+000	-1.347706e+001
1.163611533362387e-003	2.302833e+000	-1.347706e+001
1.164202966038713e-003	2.342678e+000	-1.347705e+001
1.164575831096457e-003	2.367798e+000	-1.347705e+001
1.164767395797913e-003	2.380703e+000	-1.347705e+001
1.165015998087520e-003	2.397451e+000	-1.347705e+001
1.165270696005759e-003	2.414610e+000	-1.347705e+001
1.165565099955783e-003	2.434444e+000	-1.347705e+001
1.165792162700447e-003	2.449741e+000	-1.347705e+001
1.166038165337652e-003	2.466314e+000	-1.347704e+001
1.166325824638308e-003	2.485693e+000	-1.347704e+001
1.167021910042660e-003	2.532588e+000	-1.347704e+001
1.168371603876403e-003	2.623516e+000	-1.347703e+001
1.170399638294017e-003	2.760143e+000	-1.347702e+001
1.172625661519322e-003	2.910108e+000	-1.347701e+001
1.174360369041173e-003	3.026973e+000	-1.347700e+001
1.176846151367420e-003	3.194438e+000	-1.347698e+001
1.180707798011659e-003	3.454593e+000	-1.347696e+001
1.184614048011659e-003	3.717752e+000	-1.347694e+001
1.188520298011659e-003	3.980911e+000	-1.347691e+001
1.192426548011659e-003	4.244069e+000	-1.347689e+001
1.196332798011659e-003	4.507226e+000	-1.347687e+001
1.200239048011659e-003	4.770384e+000	-1.347685e+001
1.204145298011659e-003	5.033541e+000	-1.347682e+001
1.211957798011659e-003	5.559850e+000	-1.347626e+001
1.218977259930630e-003	6.032637e+000	-1.346984e+001
1.222883509930630e-003	6.295572e+000	-1.346006e+001
1.226789759930630e-003	6.558351e+000	-1.344464e+001
1.227278041180631e-003	6.591177e+000	-1.344149e+001
1.228254603680631e-003	6.656790e+000	-1.343071e+001
1.229692369949465e-003	6.753368e+000	-1.340774e+001
1.229806094033397e-003	6.761025e+000	-1.340459e+001
1.230033542201260e-003	6.776392e+000	-1.339472e+001
1.230219733745734e-003	6.789031e+000	-1.338346e+001
1.230322898917578e-003	6.796132e+000	-1.337424e+001
1.230392228171042e-003	6.801028e+000	-1.336515e+001
1.230444208386157e-003	6.804847e+000	-1.335545e+001
1.230480098240209e-003	6.807656e+000	-1.334598e+001
1.230507167261476e-003	6.809984e+000	-1.333594e+001
1.230528668716465e-003	6.812084e+000	-1.332479e+001
1.230546669963341e-003	6.814159e+000	-1.331174e+001
1.230563172657785e-003	6.816479e+000	-1.329494e+001
1.230580361130855e-003	6.819430e+000	-1.327078e+001
1.230600691820700e-003	6.823446e+000	-1.323287e+001
1.230630300722793e-003	6.829538e+000	-1.316423e+001
1.230660421273810e-003	6.835557e+000	-1.308061e+001
1.230691080823958e-003	6.841573e+000	-1.297657e+001
1.230738085028986e-003	6.851362e+000	-1.277398e+001
1.230799896896606e-003	6.865959e+000	-1.242541e+001
1.230866141416787e-003	6.883472e+000	-1.194449e+001
1.230916368883891e-003	6.896702e+000	-1.149876e+001
1.230969487090867e-003	6.907843e+000	-1.096667e+001
1.231028126747516e-003	6.915224e+000	-1.035192e+001
1.231086319466558e-003	6.918905e+000	-9.735577e+000
1.231222261282200e-003	6.924738e+000	-8.294966e+000
1.231674048340850e-003	6.938505e+000	-3.506754e+000
1.232838151161411e-003	6.923549e+000	8.832727e+000
1.233207583494462e-003	6.889640e+000	1.249500e+001
1.233332545322900e-003	6.851299e+000	1.338737e+001
1.233335314969298e-003	6.849673e+000	1.339488e+001
1.233340854262094e-003	6.845902e+000	1.339679e+001
1.233351932847685e-003	6.839382e+000	1.340020e+001
1.233370396917124e-003	6.830904e+000	1.340517e+001
1.233390297831559e-003	6.824621e+000	1.340968e+001
1.233413198887229e-003	6.820169e+000	1.341406e+001
1.233429624019876e-003	6.818242e+000	1.341680e+001
1.233441326333576e-003	6.817378e+000	1.341855e+001
1.233453454148038e-003	6.816719e+000	1.342023e+001
1.233466910216015e-003	6.816101e+000	1.342196e+001
1.233496071452776e-003	6.814821e+000	1.342531e+001
1.233512989445889e-003	6.813992e+000	1.342704e+001
1.233531814318237e-003	6.812958e+000	1.342882e+001
1.233556952974052e-003	6.811424e+000	1.343099e+001
1.233586438831907e-003	6.809482e+000	1.343329e+001
1.233708677809867e-003	6.801030e+000	1.344076e+001
1.233822971877507e-003	6.793242e+000	1.344587e+001
1.234140544047221e-003	6.771767e+000	1.345501e+001
1.234799752532035e-003	6.727321e+000	1.346465e+001
1.236846176984820e-003	6.589459e+000	1.347397e+001
1.239880041893978e-003	6.385081e+000	1.347633e+001
1.242269329151025e-003	6.224121e+000	1.347660e+001
1.245115831916449e-003	6.032360e+000	1.347667e+001
1.249022081916449e-003	5.769206e+000	1.347667e+001
1.252928331916449e-003	5.506052e+000	1.347668e+001
1.256834581916449e-003	5.242897e+000	1.347668e+001
1.260740831916449e-003	4.979743e+000	1.347668e+001
1.264647081916449e-003	4.716589e+000	1.347668e+001
1.268553331916449e-003	4.453435e+000	1.347668e+001
1.272459581916449e-003	4.190281e+000	1.347668e+001
1.276365831916449e-003	3.927127e+000	1.347668e+001
1.280272081916449e-003	3.663973e+000	1.347668e+001
1.284178331916449e-003	3.400819e+000	1.347668e+001
1.288084581916449e-003	3.137665e+000	1.347668e+001
1.291990831916449e-003	2.874511e+000	1.347668e+001
1.295897081916449e-003	2.611357e+000	1.347668e+001
1.299803331916449e-003	2.348203e+000	1.347668e+001
1.303709581916449e-003	2.085049e+000	1.347668e+001
1.311522081916449e-003	1.558741e+000	1.347668e+001
1.319334581916449e-003	1.032433e+000	1.347668e+001
1.323240831916449e-003	7.692794e-001	1.347668e+001
1.327147081916449e-003	5.061256e-001	1.347668e+001
1.331053331916449e-003	2.429719e-001	1.347668e+001
1.334959581916449e-003	-2.018182e-002	1.347668e+001
1.338865831916449e-003	-2.833355e-001	1.347668e+001
1.342772081916449e-003	-5.464892e-001	1.347668e+001
1.346678331916449e-003	-8.096429e-001	1.347668e+001
1.350584581916449e-003	-1.072796e+000	1.347668e+001
1.354490831916449e-003	-1.335950e+000	1.347668e+001
1.358397081916449e-003	-1.599104e+000	1.347668e+001
1.362303331916449e-003	-1.862257e+000	1.347668e+001
1.366209581916449e-003	-2.125411e+000	1.347668e+001
1.367937573924039e-003	-2.241821e+000	1.347668e+001
1.369012664848149e-003	-2.314247e+000	1.347667e+001
1.369632713631964e-003	-2.356018e+000	1.347667e+001
1.370804322687204e-003	-2.434946e+000	1.347667e+001
1.371278276947688e-003	-2.466875e+000	1.347667e+001
1.371803860961163e-003	-2.502282e+000	1.347667e+001
1.372804704107813e-003	-2.569706e+000	1.347667e+001
1.373229810461270e-003	-2.598345e+000	1.347667e+001
1.374234718133330e-003	-2.666042e+000	1.347667e+001
1.375562141820426e-003	-2.755467e+000	1.347667e+001
1.377343181462618e-003	-2.875451e+000	1.347667e+001
1.379776567381824e-003	-3.039382e+000	1.347667e+001
1.381325702307288e-003	-3.143743e+000	1.347667e+001
1.383264780758261e-003	-3.274373e+000	1.347667e+001
1.385828182488559e-003	-3.447062e+000	1.347667e+001
1.389472461577850e-003	-3.692568e+000	1.347667e+001
1.393378711577850e-003	-3.955721e+000	1.347667e+001
1.397284961577850e-003	-4.218874e+000	1.347667e+001
1.401191211577850e-003	-4.482028e+000	1.347667e+001
1.405097461577850e-003	-4.745181e+000	1.347667e+001
1.409003711577850e-003	-5.008334e+000	1.347667e+001
1.412909961577850e-003	-5.271487e+000	1.347665e+001
1.420269727122319e-003	-5.767274e+000	1.347464e+001
1.427790320420012e-003	-6.273642e+000	1.346114e+001
1.432184851670012e-003	-6.569273e+000	1.344386e+001
1.433161414170012e-003	-6.634887e+000	1.343320e+001
1.435114539170012e-003	-6.766077e+000	1.340085e+001
1.435210436067396e-003	-6.772553e+000	1.339756e+001
1.435402229862164e-003	-6.785574e+000	1.338726e+001
1.435450178310856e-003	-6.788843e+000	1.338384e+001
1.435546075208240e-003	-6.795471e+000	1.337432e+001
1.435637887783840e-003	-6.801982e+000	1.336159e+001
1.435687600442060e-003	-6.805702e+000	1.335124e+001
1.435722470646479e-003	-6.808547e+000	1.334043e+001
1.435747936886071e-003	-6.810892e+000	1.332902e+001
1.435767911384213e-003	-6.813047e+000	1.331626e+001
1.435784796481215e-003	-6.815258e+000	1.330097e+001
1.435801368271445e-003	-6.817941e+000	1.327977e+001
1.435822716917550e-003	-6.822021e+000	1.324318e+001
1.435844997542895e-003	-6.826596e+000	1.319560e+001
1.435869613700596e-003	-6.831602e+000	1.313295e+001
1.435898462352526e-003	-6.837262e+000	1.304615e+001
1.435933861938977e-003	-6.844314e+000	1.291418e+001
1.435992120333413e-003	-6.857065e+000	1.263391e+001
1.436054863613155e-003	-6.872718e+000	1.223011e+001
1.436135447581720e-003	-6.893935e+000	1.156447e+001
1.436192628042788e-003	-6.906470e+000	1.100864e+001
1.436258056036190e-003	-6.915146e+000	1.032181e+001
1.436324810252445e-003	-6.919500e+000	9.610708e+000
1.436464965146810e-003	-6.925627e+000	8.113755e+000
1.436907120955731e-003	-6.939358e+000	3.363828e+000
1.437290467968923e-003	-6.940471e+000	-7.923189e-001
1.438057161995306e-003	-6.924827e+000	-9.166938e+000
1.438427333654579e-003	-6.876491e+000	-1.278696e+001
1.438551895856352e-003	-6.828763e+000	-1.338387e+001
1.438613539033476e-003	-6.810927e+000	-1.341954e+001
1.438624701430381e-003	-6.811528e+000	-1.342124e+001
1.438633711240762e-003	-6.812769e+000	-1.342242e+001
1.438641016960869e-003	-6.813581e+000	-1.342334e+001
1.438649638206943e-003	-6.814290e+000	-1.342437e+001
1.438662091973489e-003	-6.814921e+000	-1.342577e+001
1.438675997162885e-003	-6.815164e+000	-1.342726e+001
1.438690988118291e-003	-6.814922e+000	-1.342874e+001
1.438712566281205e-003	-6.813987e+000	-1.343073e+001
1.438730523183720e-003	-6.812870e+000	-1.343226e+001
1.438750114353820e-003	-6.811428e+000	-1.343381e+001
1.438797964074262e-003	-6.807735e+000	-1.343717e+001
1.438826807430493e-003	-6.805591e+000	-1.343896e+001
1.438858285943425e-003	-6.803349e+000	-1.344074e+001
1.438906202777782e-003	-6.800050e+000	-1.344315e+001
1.439058768049085e-003	-6.789721e+000	-1.344867e+001
1.439211333320389e-003	-6.779401e+000	-1.345342e+001
1.439363898591692e-003	-6.769091e+000	-1.345740e+001
1.439516463862996e-003	-6.758790e+000	-1.346062e+001
1.439669029134299e-003	-6.748500e+000	-1.346306e+001
1.439821594405602e-003	-6.738219e+000	-1.346474e+001
1.439974159676906e-003	-6.727947e+000	-1.346565e+001
1.442141324165190e-003	-6.581939e+000	-1.347533e+001
1.445214177790072e-003	-6.374917e+000	-1.347747e+001
1.447663413194033e-003	-6.209905e+000	-1.347770e+001
1.450590882237360e-003	-6.012673e+000	-1.347774e+001
1.454497132237360e-003	-5.749497e+000	-1.347772e+001
1.458403382237360e-003	-5.486322e+000	-1.347770e+001
1.462309632237360e-003	-5.223148e+000	-1.347768e+001
1.466215882237360e-003	-4.959974e+000	-1.347766e+001
1.470122132237360e-003	-4.696801e+000	-1.347764e+001
1.474028382237360e-003	-4.433628e+000	-1.347762e+001
1.477934632237360e-003	-4.170455e+000	-1.347760e+001
1.481840882237360e-003	-3.907282e+000	-1.347758e+001
1.485747132237360e-003	-3.644111e+000	-1.347755e+001
1.489653382237360e-003	-3.380939e+000	-1.347753e+001
1.493559632237360e-003	-3.117768e+000	-1.347751e+001
1.497465882237360e-003	-2.854598e+000	-1.347749e+001
1.501372132237360e-003	-2.591428e+000	-1.347747e+001
1.505278382237360e-003	-2.328258e+000	-1.347745e+001
1.509184632237360e-003	-2.065089e+000	-1.347742e+001
1.516997132237360e-003	-1.538752e+000	-1.347738e+001
1.524809632237360e-003	-1.012417e+000	-1.347734e+001
1.528715882237360e-003	-7.492501e-001	-1.347731e+001
1.532622132237360e-003	-4.860836e-001	-1.347729e+001
1.536528382237360e-003	-2.229176e-001	-1.347727e+001
1.540434632237360e-003	4.024799e-002	-1.347725e+001
1.544340882237360e-003	3.034131e-001	-1.347723e+001
1.548247132237360e-003	5.665777e-001	-1.347720e+001
1.552153382237360e-003	8.297419e-001	-1.347718e+001
1.556059632237360e-003	1.092906e+000	-1.347716e+001
1.559965882237360e-003	1.356069e+000	-1.347714e+001
1.563872132237360e-003	1.619232e+000	-1.347712e+001
1.567778382237360e-003	1.882394e+000	-1.347709e+001
1.571684632237360e-003	2.145556e+000	-1.347707e+001
1.573268220587739e-003	2.252241e+000	-1.347706e+001
1.574071324498230e-003	2.306346e+000	-1.347706e+001
1.574477942109715e-003	2.333740e+000	-1.347705e+001
1.574835486696975e-003	2.357827e+000	-1.347705e+001
1.575048185548357e-003	2.372157e+000	-1.347705e+001
1.575272391857410e-003	2.387261e+000	-1.347705e+001
1.575525760715102e-003	2.404330e+000	-1.347705e+001
1.575804554992219e-003	2.423113e+000	-1.347705e+001
1.576112788793926e-003	2.443878e+000	-1.347705e+001
1.576454831883372e-003	2.466921e+000	-1.347704e+001
1.576723998858927e-003	2.485055e+000	-1.347704e+001
1.577418568451124e-003	2.531847e+000	-1.347704e+001
1.578762606501284e-003	2.622394e+000	-1.347703e+001
1.580716809175903e-003	2.754047e+000	-1.347702e+001
1.582802618010272e-003	2.894566e+000	-1.347701e+001
1.584388329348095e-003	3.001394e+000	-1.347700e+001
1.586699917507287e-003	3.157123e+000	-1.347698e+001
1.590365233674055e-003	3.404052e+000	-1.347696e+001
1.594271483674055e-003	3.667211e+000	-1.347694e+001
1.598177733674055e-003	3.930370e+000	-1.347692e+001
1.602083983674055e-003	4.193528e+000	-1.347690e+001
1.605990233674055e-003	4.456686e+000	-1.347687e+001
1.609896483674055e-003	4.719843e+000	-1.347685e+001
1.613802733674055e-003	4.983000e+000	-1.347683e+001
1.617708983674055e-003	5.246157e+000	-1.347680e+001
1.625521483674055e-003	5.772447e+000	-1.347459e+001
1.632975075472254e-003	6.274303e+000	-1.346114e+001
1.637369606722255e-003	6.569934e+000	-1.344380e+001
1.638346169222254e-003	6.635552e+000	-1.343388e+001
1.640069121201570e-003	6.751283e+000	-1.340839e+001
1.640205725707257e-003	6.760481e+000	-1.340466e+001
1.640478934718632e-003	6.778926e+000	-1.339335e+001
1.640547236971476e-003	6.783556e+000	-1.338947e+001
1.640683841477163e-003	6.792914e+000	-1.337828e+001
1.640796916017687e-003	6.800835e+000	-1.336479e+001
1.640856787381266e-003	6.805241e+000	-1.335362e+001
1.640896879094944e-003	6.808449e+000	-1.334212e+001
1.640924584882263e-003	6.810950e+000	-1.333035e+001
1.640945560221672e-003	6.813172e+000	-1.331743e+001
1.640962759005530e-003	6.815386e+000	-1.330231e+001
1.640979223203458e-003	6.818018e+000	-1.328168e+001
1.641000890064513e-003	6.822131e+000	-1.324515e+001
1.641022112600135e-003	6.826485e+000	-1.320040e+001
1.641046580946559e-003	6.831481e+000	-1.313881e+001
1.641075165647311e-003	6.837106e+000	-1.305399e+001
1.641109520619614e-003	6.843936e+000	-1.292764e+001
1.641168915046442e-003	6.856850e+000	-1.264556e+001
1.641231926207900e-003	6.872468e+000	-1.224501e+001
1.641311472748114e-003	6.893396e+000	-1.159478e+001
1.641367756489355e-003	6.905850e+000	-1.105208e+001
1.641433595054461e-003	6.914783e+000	-1.036531e+001
1.641499523855121e-003	6.919167e+000	-9.667264e+000
1.641640707725835e-003	6.925168e+000	-8.171046e+000
1.641859308441499e-003	6.932634e+000	-5.854260e+000
1.642077909157163e-003	6.937690e+000	-3.537385e+000
1.642296509872827e-003	6.940336e+000	-1.220421e+000
1.642515110588491e-003	6.940571e+000	1.096632e+000
1.642733711304155e-003	6.938395e+000	3.413774e+000
1.642952312019819e-003	6.933809e+000	5.731006e+000
1.643170912735483e-003	6.926812e+000	8.048326e+000
1.643516853763190e-003	6.909899e+000	1.165763e+001
1.643688143299823e-003	6.874818e+000	1.314716e+001
1.643753047976666e-003	6.841242e+000	1.339377e+001
1.643797998811229e-003	6.818428e+000	1.340986e+001
1.643808790349644e-003	6.816381e+000	1.341218e+001
1.643819724345912e-003	6.815896e+000	1.341416e+001
1.643826774284515e-003	6.815768e+000	1.341535e+001
1.643835478940431e-003	6.815738e+000	1.341673e+001
1.643845378163413e-003	6.815758e+000	1.341822e+001
1.643855884933492e-003	6.815783e+000	1.341971e+001
1.643865034133387e-003	6.815769e+000	1.342093e+001
1.643873882560391e-003	6.815697e+000	1.342205e+001
1.643883171030226e-003	6.815551e+000	1.342317e+001
1.643891742338866e-003	6.815344e+000	1.342415e+001
1.643902394580225e-003	6.814998e+000	1.342532e+001
1.643910899211417e-003	6.814656e+000	1.342622e+001
1.643920540779820e-003	6.814198e+000	1.342718e+001
1.643930662705003e-003	6.813658e+000	1.342816e+001
1.643939341720821e-003	6.813149e+000	1.342896e+001
1.643950256939262e-003	6.812464e+000	1.342993e+001
1.643959167065081e-003	6.811876e+000	1.343069e+001
1.643971356589056e-003	6.811041e+000	1.343169e+001
1.643983010024294e-003	6.810223e+000	1.343260e+001
1.643994297157580e-003	6.809419e+000	1.343345e+001
1.644005934590547e-003	6.808585e+000	1.343429e+001
1.644016810893865e-003	6.807806e+000	1.343505e+001
1.644028758108955e-003	6.806952e+000	1.343585e+001
1.644038665472891e-003	6.806247e+000	1.343649e+001
1.644050694601534e-003	6.805397e+000	1.343724e+001
1.644072894160602e-003	6.803843e+000	1.343856e+001
1.644096149655561e-003	6.802235e+000	1.343986e+001
1.644121569944716e-003	6.800491e+000	1.344118e+001
1.644148453959252e-003	6.798659e+000	1.344249e+001
1.644175670549308e-003	6.796809e+000	1.344373e+001
1.644202652732646e-003	6.794977e+000	1.344488e+001
1.644214681605076e-003	6.794161e+000	1.344537e+001
1.644229304984183e-003	6.793169e+000	1.344595e+001
1.644241168216890e-003	6.792366e+000	1.344641e+001
1.644255959435538e-003	6.791363e+000	1.344696e+001
1.644268069547797e-003	6.790542e+000	1.344741e+001
1.644282958530401e-003	6.789533e+000	1.344793e+001
1.644295682239393e-003	6.788671e+000	1.344837e+001
1.644310700516734e-003	6.787654e+000	1.344888e+001
1.644324415669230e-003	6.786726e+000	1.344932e+001
1.644339735373367e-003	6.785689e+000	1.344981e+001
1.644355622846277e-003	6.784614e+000	1.345030e+001
1.644391207129957e-003	6.782207e+000	1.345135e+001
1.644407948185015e-003	6.781075e+000	1.345182e+001
1.644426035140092e-003	6.779853e+000	1.345231e+001
1.644443063849410e-003	6.778702e+000	1.345276e+001
1.644482585206641e-003	6.776032e+000	1.345376e+001
1.644500848085475e-003	6.774799e+000	1.345420e+001
1.644543366238161e-003	6.771928e+000	1.345517e+001
1.644565518234847e-003	6.770432e+000	1.345566e+001
1.644610316381110e-003	6.767409e+000	1.345659e+001
1.644633713173075e-003	6.765831e+000	1.345705e+001
1.644682864949288e-003	6.762515e+000	1.345798e+001
1.644708966918966e-003	6.760754e+000	1.345844e+001
1.644800354180357e-003	6.754591e+000	1.345996e+001
1.644831258722349e-003	6.752508e+000	1.346043e+001
1.644973107042559e-003	6.742947e+000	1.346229e+001
1.645114955362769e-003	6.733387e+000	1.346397e+001
1.645256803682978e-003	6.723828e+000	1.346546e+001
1.645398652003188e-003	6.714271e+000	1.346675e+001
1.645540500323398e-003	6.704714e+000	1.346786e+001
1.645682348643608e-003	6.695158e+000	1.346879e+001
1.645824196963818e-003	6.685603e+000	1.346952e+001
1.648664984748425e-003	6.494233e+000	1.347353e+001
1.651505772533031e-003	6.302861e+000	1.347654e+001
1.654346560317638e-003	6.111488e+000	1.347856e+001
1.657187348102245e-003	5.920113e+000	1.347958e+001
1.660028135886851e-003	5.728737e+000	1.347961e+001
1.662868923671458e-003	5.537359e+000	1.347864e+001
1.665709711456065e-003	5.345979e+000	1.347668e+001
1.669615961456065e-003	5.082825e+000	1.347668e+001
1.673522211456065e-003	4.819671e+000	1.347668e+001
1.677428461456065e-003	4.556517e+000	1.347668e+001
1.681334711456065e-003	4.293363e+000	1.347668e+001
1.685240961456065e-003	4.030209e+000	1.347668e+001
1.689147211456065e-003	3.767054e+000	1.347668e+001
1.693053461456065e-003	3.503900e+000	1.347668e+001
1.696959711456065e-003	3.240746e+000	1.347668e+001
1.700865961456065e-003	2.977592e+000	1.347668e+001
1.704772211456065e-003	2.714438e+000	1.347668e+001
1.708678461456065e-003	2.451284e+000	1.347668e+001
1.712584711456065e-003	2.188130e+000	1.347668e+001
1.720397211456065e-003	1.661823e+000	1.347668e+001
1.728209711456065e-003	1.135515e+000	1.347668e+001
1.732115961456065e-003	8.723611e-001	1.347668e+001
1.736022211456065e-003	6.092073e-001	1.347668e+001
1.739928461456065e-003	3.460536e-001	1.347668e+001
1.743834711456065e-003	8.289983e-002	1.347668e+001
1.747740961456065e-003	-1.802539e-001	1.347668e+001
1.751647211456065e-003	-4.434076e-001	1.347668e+001
1.755553461456065e-003	-7.065613e-001	1.347668e+001
1.759459711456065e-003	-9.697149e-001	1.347668e+001
1.763365961456065e-003	-1.232868e+000	1.347668e+001
1.767272211456065e-003	-1.496022e+000	1.347668e+001
1.771178461456065e-003	-1.759176e+000	1.347668e+001
1.775084711456065e-003	-2.022329e+000	1.347668e+001
1.778990961456065e-003	-2.285483e+000	1.347667e+001
1.780305831138368e-003	-2.374062e+000	1.347667e+001
1.780997479398151e-003	-2.420656e+000	1.347667e+001
1.781424810013047e-003	-2.449445e+000	1.347667e+001
1.781637999922204e-003	-2.463806e+000	1.347667e+001
1.781860768921567e-003	-2.478814e+000	1.347667e+001
1.782439537933697e-003	-2.517804e+000	1.347667e+001
1.783298706047201e-003	-2.575684e+000	1.347667e+001
1.783895740139072e-003	-2.615904e+000	1.347667e+001
1.784659155435970e-003	-2.667334e+000	1.347667e+001
1.785732499250243e-003	-2.739642e+000	1.347667e+001
1.787244018643810e-003	-2.841469e+000	1.347667e+001
1.789235837757133e-003	-2.975652e+000	1.347667e+001
1.792035743906073e-003	-3.164274e+000	1.347667e+001
1.795941993906073e-003	-3.427428e+000	1.347667e+001
1.799848243906073e-003	-3.690581e+000	1.347667e+001
1.803754493906073e-003	-3.953734e+000	1.347667e+001
1.807660743906073e-003	-4.216887e+000	1.347667e+001
1.811566993906073e-003	-4.480041e+000	1.347667e+001
1.815473243906073e-003	-4.743194e+000	1.347667e+001
1.819379493906073e-003	-5.006347e+000	1.347667e+001
1.823285743906073e-003	-5.269500e+000	1.347665e+001
1.830650501738059e-003	-5.765625e+000	1.347466e+001
1.838175479058689e-003	-6.272288e+000	1.346120e+001
1.842570010308689e-003	-6.567921e+000	1.344399e+001
1.843546572808689e-003	-6.633535e+000	1.343347e+001
1.845499697808689e-003	-6.764726e+000	1.340166e+001
1.845596359660473e-003	-6.771251e+000	1.339846e+001
1.845789683364039e-003	-6.784363e+000	1.338849e+001
1.845838014289931e-003	-6.787653e+000	1.338522e+001
1.845934676141715e-003	-6.794313e+000	1.337615e+001
1.846035250844312e-003	-6.801407e+000	1.336299e+001
1.846087738815158e-003	-6.805300e+000	1.335265e+001
1.846124406829644e-003	-6.808255e+000	1.334183e+001
1.846150912397836e-003	-6.810653e+000	1.333049e+001
1.846171484584858e-003	-6.812825e+000	1.331790e+001
1.846188588569243e-003	-6.815010e+000	1.330304e+001
1.846205049448059e-003	-6.817619e+000	1.328269e+001
1.846226856752918e-003	-6.821731e+000	1.324636e+001
1.846247492884327e-003	-6.825954e+000	1.320326e+001
1.846271939464652e-003	-6.830950e+000	1.314223e+001
1.846300404564650e-003	-6.836555e+000	1.305854e+001
1.846334228629943e-003	-6.843274e+000	1.293516e+001
1.846394336645922e-003	-6.856315e+000	1.265166e+001
1.846457515513906e-003	-6.871970e+000	1.225220e+001
1.846536409972028e-003	-6.892850e+000	1.160910e+001
1.846592074393916e-003	-6.905370e+000	1.107211e+001
1.846658413924083e-003	-6.914675e+000	1.037759e+001
1.846723796837475e-003	-6.919228e+000	9.681401e+000
1.846866355054866e-003	-6.925465e+000	8.158902e+000
1.847285615234198e-003	-6.938902e+000	3.656394e+000
1.847647362159327e-003	-6.940856e+000	-2.623825e-001
1.848370856009585e-003	-6.928999e+000	-8.155502e+000
1.848708425717676e-003	-6.913120e+000	-1.181575e+001
1.848855703050103e-003	-6.880669e+000	-1.315315e+001
1.848915364706763e-003	-6.846707e+000	-1.339078e+001
1.848959475435324e-003	-6.821239e+000	-1.340876e+001
1.848970698455927e-003	-6.818509e+000	-1.341140e+001
1.848982982218285e-003	-6.817574e+000	-1.341379e+001
1.848990714426924e-003	-6.817271e+000	-1.341518e+001
1.848999251800776e-003	-6.817126e+000	-1.341661e+001
1.849009211536319e-003	-6.817059e+000	-1.341819e+001
1.849030558814430e-003	-6.816978e+000	-1.342124e+001
1.849042154126390e-003	-6.816851e+000	-1.342275e+001
1.849055079025026e-003	-6.816589e+000	-1.342432e+001
1.849069309706598e-003	-6.816139e+000	-1.342593e+001
1.849086058013458e-003	-6.815405e+000	-1.342768e+001
1.849107831499050e-003	-6.814197e+000	-1.342976e+001
1.849137340482871e-003	-6.812294e+000	-1.343231e+001
1.849165405522763e-003	-6.810338e+000	-1.343450e+001
1.849234755267204e-003	-6.805420e+000	-1.343906e+001
1.849277527887680e-003	-6.802458e+000	-1.344143e+001
1.849444021603687e-003	-6.791139e+000	-1.344852e+001
1.849702682829026e-003	-6.773650e+000	-1.345567e+001
1.850491371209200e-003	-6.720471e+000	-1.346669e+001
1.852985538519434e-003	-6.552434e+000	-1.347600e+001
1.856399702096129e-003	-6.322416e+000	-1.347760e+001
1.859343318761972e-003	-6.124096e+000	-1.347773e+001
1.862654355238988e-003	-5.901022e+000	-1.347774e+001
1.866560605238988e-003	-5.637847e+000	-1.347772e+001
1.870466855238988e-003	-5.374672e+000	-1.347769e+001
1.874373105238988e-003	-5.111498e+000	-1.347767e+001
1.878279355238988e-003	-4.848324e+000	-1.347765e+001
1.882185605238988e-003	-4.585151e+000	-1.347763e+001
1.886091855238988e-003	-4.321978e+000	-1.347761e+001
1.889998105238988e-003	-4.058805e+000	-1.347759e+001
1.893904355238988e-003	-3.795633e+000	-1.347757e+001
1.897810605238988e-003	-3.532462e+000	-1.347754e+001
1.901716855238988e-003	-3.269290e+000	-1.347752e+001
1.905623105238988e-003	-3.006120e+000	-1.347750e+001
1.909529355238988e-003	-2.742949e+000	-1.347748e+001
1.913435605238987e-003	-2.479779e+000	-1.347746e+001
1.917341855238987e-003	-2.216610e+000	-1.347744e+001
1.925154355238986e-003	-1.690273e+000	-1.347739e+001
1.932966855238985e-003	-1.163937e+000	-1.347735e+001
1.936873105238985e-003	-9.007697e-001	-1.347733e+001
1.940779355238984e-003	-6.376030e-001	-1.347731e+001
1.944685605238984e-003	-3.744368e-001	-1.347728e+001
1.948591855238983e-003	-1.112709e-001	-1.347726e+001
1.952498105238983e-003	1.518944e-001	-1.347724e+001
1.956404355238983e-003	4.150593e-001	-1.347722e+001
1.960310605238982e-003	6.782238e-001	-1.347719e+001
1.964216855238982e-003	9.413878e-001	-1.347717e+001
1.968123105238981e-003	1.204551e+000	-1.347715e+001
1.972029355238981e-003	1.467714e+000	-1.347713e+001
1.975935605238980e-003	1.730877e+000	-1.347711e+001
1.979841855238980e-003	1.994039e+000	-1.347708e+001
1.983748105238979e-003	2.257201e+000	-1.347706e+001
1.984753022290863e-003	2.324902e+000	-1.347706e+001
1.985029342249418e-003	2.343517e+000	-1.347705e+001
1.985174238130551e-003	2.353279e+000	-1.347705e+001
1.985386896371234e-003	2.367605e+000	-1.347705e+001
1.985812212852599e-003	2.396258e+000	-1.347705e+001
1.986325714378168e-003	2.430853e+000	-1.347705e+001
1.986631949424162e-003	2.451483e+000	-1.347705e+001
1.986985143699136e-003	2.475278e+000	-1.347704e+001
1.987376583788916e-003	2.501649e+000	-1.347704e+001
1.988335936513715e-003	2.566280e+000	-1.347704e+001
1.989545397326108e-003	2.647760e+000	-1.347703e+001
1.991042767064842e-003	2.748637e+000	-1.347702e+001
1.992903379319181e-003	2.873985e+000	-1.347701e+001
1.995256864116077e-003	3.032537e+000	-1.347700e+001
1.998307441579143e-003	3.238051e+000	-1.347698e+001
2.000000000000000e-003	3.352077e+000	-1.347697e+001
