time	V(n002)	V(n005)
0.000000000000000e+000	-5.551970e+000	-1.313115e+001
1.337457307013998e-008	-5.552148e+000	-1.309233e+001
3.120733716365995e-008	-5.552396e+000	-1.303458e+001
6.687286535026621e-008	-5.552770e+000	-1.289712e+001
1.234416323568632e-007	-5.552790e+000	-1.262100e+001
1.846473647116112e-007	-5.551905e+000	-1.222244e+001
2.686323683723929e-007	-5.550164e+000	-1.152319e+001
3.279554397529749e-007	-5.550198e+000	-1.094520e+001
3.931088549550058e-007	-5.552834e+000	-1.026287e+001
4.529427577084494e-007	-5.557028e+000	-9.629033e+000
5.897012306855555e-007	-5.567620e+000	-8.179757e+000
1.057843337478898e-006	-5.602634e+000	-3.218188e+000
2.445226217117312e-006	-5.704396e+000	1.148833e+001
2.582946683277448e-006	-5.718011e+000	1.286816e+001
2.644244328119799e-006	-5.732202e+000	1.329020e+001
2.685480672367461e-006	-5.747764e+000	1.339064e+001
2.707003317393032e-006	-5.755247e+000	1.339993e+001
2.718616526625837e-006	-5.757927e+000	1.340332e+001
2.736089983532922e-006	-5.760878e+000	1.340759e+001
2.751246551510600e-006	-5.762852e+000	1.341084e+001
2.764681485124560e-006	-5.764042e+000	1.341338e+001
2.776367350651541e-006	-5.764849e+000	1.341539e+001
2.787678832041549e-006	-5.765657e+000	1.341718e+001
2.799374130636138e-006	-5.766461e+000	1.341889e+001
2.811787570897520e-006	-5.767142e+000	1.342058e+001
2.825147523398148e-006	-5.767835e+000	1.342228e+001
2.839799905839623e-006	-5.768758e+000	1.342400e+001
2.854617724617602e-006	-5.769736e+000	1.342562e+001
2.872011235482714e-006	-5.770802e+000	1.342737e+001
2.893826058060402e-006	-5.772253e+000	1.342940e+001
2.912780495198299e-006	-5.773619e+000	1.343103e+001
2.962670658122803e-006	-5.777126e+000	1.343477e+001
2.991699101492773e-006	-5.779241e+000	1.343670e+001
3.050668686398455e-006	-5.783423e+000	1.344010e+001
3.146878897362381e-006	-5.790207e+000	1.344430e+001
3.243089108326307e-006	-5.796957e+000	1.344802e+001
3.339299319290232e-006	-5.803672e+000	1.345127e+001
3.435509530254158e-006	-5.810353e+000	1.345404e+001
3.531719741218084e-006	-5.817000e+000	1.345634e+001
3.627929952182009e-006	-5.823613e+000	1.345816e+001
3.724140163145935e-006	-5.830192e+000	1.345950e+001
4.263109533579885e-006	-5.866552e+000	1.346489e+001
4.802078904013834e-006	-5.902043e+000	1.346925e+001
5.341048274447785e-006	-5.936665e+000	1.347257e+001
5.880017644881734e-006	-5.970417e+000	1.347487e+001
6.418987015315684e-006	-6.003300e+000	1.347613e+001
6.957956385749634e-006	-6.035313e+000	1.347636e+001
7.496925756183583e-006	-6.066457e+000	1.347556e+001
1.195398118600081e-005	-6.291457e+000	1.347661e+001
1.491206678358925e-005	-6.410371e+000	1.347666e+001
1.881831678358925e-005	-6.535996e+000	1.347667e+001
2.272456678358925e-005	-6.627119e+000	1.347668e+001
2.663081678358926e-005	-6.683293e+000	1.347668e+001
3.053706678358926e-005	-6.706423e+000	1.347668e+001
3.444331678358927e-005	-6.698353e+000	1.347668e+001
3.834956678358927e-005	-6.660869e+000	1.347668e+001
4.225581678358927e-005	-6.595698e+000	1.347668e+001
4.616206678358928e-005	-6.504514e+000	1.347668e+001
5.006831678358928e-005	-6.388927e+000	1.347668e+001
5.397456678358928e-005	-6.250500e+000	1.347668e+001
5.788081678358929e-005	-6.090733e+000	1.347668e+001
6.178706678358929e-005	-5.911077e+000	1.347668e+001
6.569331678358929e-005	-5.712930e+000	1.347668e+001
6.959956678358930e-005	-5.497636e+000	1.347668e+001
7.350581678358930e-005	-5.266489e+000	1.347668e+001
8.131831678358931e-005	-4.761560e+000	1.347668e+001
8.913081678358931e-005	-4.207511e+000	1.347668e+001
9.303706678358932e-005	-3.914787e+000	1.347668e+001
9.694331678358932e-005	-3.612956e+000	1.347668e+001
1.008495667835893e-004	-3.302983e+000	1.347668e+001
1.047558167835893e-004	-2.985790e+000	1.347668e+001
1.086620667835893e-004	-2.662256e+000	1.347668e+001
1.125683167835893e-004	-2.333222e+000	1.347668e+001
1.164745667835893e-004	-1.999488e+000	1.347668e+001
1.203808167835893e-004	-1.661815e+000	1.347668e+001
1.242870667835893e-004	-1.320926e+000	1.347668e+001
1.281933167835894e-004	-9.775101e-001	1.347668e+001
1.320995667835894e-004	-6.322186e-001	1.347668e+001
1.360058167835894e-004	-2.857523e-001	1.347668e+001
1.375630657004926e-004	-1.473752e-001	1.347667e+001
1.385645661129008e-004	-5.829187e-002	1.347667e+001
1.392614734347800e-004	3.710840e-003	1.347667e+001
1.402175641745905e-004	8.876954e-002	1.347667e+001
1.405952508723505e-004	1.223710e-001	1.347667e+001
1.411661831738059e-004	1.731684e-001	1.347667e+001
1.420194871834860e-004	2.490849e-001	1.347667e+001
1.425465951295302e-004	2.959760e-001	1.347667e+001
1.433443735743335e-004	3.669362e-001	1.347667e+001
1.443160326200371e-004	4.533408e-001	1.347667e+001
1.454539828771081e-004	5.544908e-001	1.347667e+001
1.469405763419255e-004	6.865417e-001	1.347667e+001
1.487481587650105e-004	8.469338e-001	1.347667e+001
1.509802535133676e-004	1.044660e+000	1.347667e+001
1.537472275746489e-004	1.289120e+000	1.347667e+001
1.572754890640194e-004	1.599620e+000	1.347667e+001
1.611817390640194e-004	1.941550e+000	1.347667e+001
1.650879890640195e-004	2.281159e+000	1.347667e+001
1.689942390640195e-004	2.618036e+000	1.347667e+001
1.729004890640195e-004	2.951835e+000	1.347667e+001
1.768067390640195e-004	3.282239e+000	1.347667e+001
1.807129890640195e-004	3.608951e+000	1.347667e+001
1.885254890640195e-004	4.250223e+000	1.347520e+001
1.963379890640195e-004	4.873693e+000	1.346354e+001
2.002442390640195e-004	5.178204e+000	1.344488e+001
2.041504890640195e-004	5.478909e+000	1.341051e+001
2.042567711601200e-004	5.486998e+000	1.340826e+001
2.044693353523207e-004	5.503062e+000	1.339969e+001
2.048425872521143e-004	5.531247e+000	1.337910e+001
2.048717585415309e-004	5.533428e+000	1.337659e+001
2.049301011203641e-004	5.537727e+000	1.336886e+001
2.050188484006765e-004	5.544159e+000	1.335238e+001
2.050603768082781e-004	5.547034e+000	1.334033e+001
2.050897101432492e-004	5.548892e+000	1.332699e+001
2.051103999609742e-004	5.550022e+000	1.331303e+001
2.051275272750728e-004	5.550747e+000	1.329630e+001
2.051444682851355e-004	5.551203e+000	1.327308e+001
2.051652028084608e-004	5.551480e+000	1.323527e+001
2.051924111063589e-004	5.551696e+000	1.317363e+001
2.052210650235055e-004	5.551973e+000	1.309614e+001
2.052508324162749e-004	5.552308e+000	1.299876e+001
2.052943493303879e-004	5.552581e+000	1.282000e+001
2.053525766831984e-004	5.552202e+000	1.250921e+001
2.054171312741529e-004	5.550795e+000	1.206159e+001
2.054752853072610e-004	5.549228e+000	1.156120e+001
2.055279280049290e-004	5.548873e+000	1.104085e+001
2.055887891247122e-004	5.550831e+000	1.040212e+001
2.056482299577266e-004	5.554669e+000	9.769220e+000
2.057877073049848e-004	5.565349e+000	8.279905e+000
2.062140131946014e-004	5.596968e+000	3.702265e+000
2.065839234591436e-004	5.624148e+000	-3.051473e-001
2.073237439882279e-004	5.677938e+000	-8.378113e+000
2.076699037647694e-004	5.705941e+000	-1.208815e+001
2.078007051376247e-004	5.721712e+000	-1.334826e+001
2.078059098444738e-004	5.723520e+000	-1.337322e+001
2.078163192581715e-004	5.729108e+000	-1.338057e+001
2.078371380855671e-004	5.739533e+000	-1.339166e+001
2.078520243514333e-004	5.745641e+000	-1.339773e+001
2.078682387136556e-004	5.750587e+000	-1.340284e+001
2.078855629132092e-004	5.754442e+000	-1.340730e+001
2.079093335358279e-004	5.758248e+000	-1.341243e+001
2.079279244776400e-004	5.760426e+000	-1.341588e+001
2.079394557356526e-004	5.761438e+000	-1.341777e+001
2.079502783615332e-004	5.762218e+000	-1.341940e+001
2.079621178845618e-004	5.762978e+000	-1.342106e+001
2.079882772887671e-004	5.764561e+000	-1.342435e+001
2.080030448607614e-004	5.765467e+000	-1.342601e+001
2.080198682510625e-004	5.766530e+000	-1.342777e+001
2.080407087846569e-004	5.767892e+000	-1.342976e+001
2.080677071670083e-004	5.769726e+000	-1.343208e+001
2.081107330296540e-004	5.772746e+000	-1.343535e+001
2.081935282260312e-004	5.778662e+000	-1.344052e+001
2.082413098380941e-004	5.782057e+000	-1.344296e+001
2.084324308684036e-004	5.795492e+000	-1.345037e+001
2.087848796362779e-004	5.819859e+000	-1.345853e+001
2.097255926328074e-004	5.882915e+000	-1.346894e+001
2.130967187521779e-004	6.087399e+000	-1.347694e+001
2.172181711672903e-004	6.292566e+000	-1.347770e+001
2.202359345381635e-004	6.414216e+000	-1.347774e+001
2.241421845381635e-004	6.538807e+000	-1.347772e+001
2.280484345381635e-004	6.628804e+000	-1.347770e+001
2.319546845381635e-004	6.683915e+000	-1.347768e+001
2.358609345381635e-004	6.706039e+000	-1.347766e+001
2.397671845381635e-004	6.697021e+000	-1.347764e+001
2.436734345381635e-004	6.658644e+000	-1.347762e+001
2.475796845381635e-004	6.592635e+000	-1.347760e+001
2.514859345381635e-004	6.500661e+000	-1.347757e+001
2.553921845381635e-004	6.384336e+000	-1.347755e+001
2.592984345381635e-004	6.245216e+000	-1.347753e+001
2.632046845381635e-004	6.084803e+000	-1.347751e+001
2.671109345381635e-004	5.904545e+000	-1.347749e+001
2.710171845381635e-004	5.705838e+000	-1.347747e+001
2.749234345381635e-004	5.490025e+000	-1.347744e+001
2.788296845381635e-004	5.258397e+000	-1.347742e+001
2.866421845381635e-004	4.752618e+000	-1.347738e+001
2.944546845381636e-004	4.197856e+000	-1.347733e+001
2.983609345381636e-004	3.904824e+000	-1.347731e+001
3.022671845381636e-004	3.602715e+000	-1.347729e+001
3.061734345381636e-004	3.292492e+000	-1.347727e+001
3.100796845381636e-004	2.975078e+000	-1.347725e+001
3.139859345381636e-004	2.651349e+000	-1.347722e+001
3.178921845381636e-004	2.322145e+000	-1.347720e+001
3.217984345381636e-004	1.988265e+000	-1.347718e+001
3.257046845381636e-004	1.650469e+000	-1.347716e+001
3.296109345381636e-004	1.309479e+000	-1.347714e+001
3.335171845381636e-004	9.659815e-001	-1.347711e+001
3.374234345381636e-004	6.206272e-001	-1.347709e+001
3.413296845381636e-004	2.741172e-001	-1.347707e+001
3.427769711547568e-004	1.455058e-001	-1.347706e+001
3.434183930636722e-004	8.846095e-002	-1.347706e+001
3.439513773870755e-004	4.104683e-002	-1.347705e+001
3.441166679812361e-004	2.634120e-002	-1.347705e+001
3.443756885521555e-004	3.295773e-003	-1.347705e+001
3.446344924239483e-004	-1.973152e-002	-1.347705e+001
3.449700723244316e-004	-4.959036e-002	-1.347705e+001
3.453684363488546e-004	-8.502284e-002	-1.347705e+001
3.456544981458838e-004	-1.104565e-001	-1.347704e+001
3.459166208543930e-004	-1.337815e-001	-1.347704e+001
3.461898403677045e-004	-1.580957e-001	-1.347704e+001
3.469595071711727e-004	-2.265733e-001	-1.347704e+001
3.502687206272135e-004	-5.213342e-001	-1.347702e+001
3.535779340832543e-004	-8.150360e-001	-1.347700e+001
3.568871475392951e-004	-1.107679e+000	-1.347698e+001
3.601963609953359e-004	-1.399262e+000	-1.347696e+001
3.635055744513767e-004	-1.689787e+000	-1.347694e+001
3.668147879074175e-004	-1.979252e+000	-1.347692e+001
3.701240013634583e-004	-2.267658e+000	-1.347690e+001
3.740302513634583e-004	-2.604664e+000	-1.347688e+001
3.779365013634583e-004	-2.938606e+000	-1.347686e+001
3.818427513634583e-004	-3.269165e+000	-1.347684e+001
3.857490013634583e-004	-3.596044e+000	-1.347681e+001
3.935615013634583e-004	-4.237679e+000	-1.347536e+001
4.013740013634583e-004	-4.861547e+000	-1.346395e+001
4.052802513634583e-004	-5.166271e+000	-1.344615e+001
4.091865013634583e-004	-5.467234e+000	-1.341397e+001
4.093018818416829e-004	-5.476014e+000	-1.341184e+001
4.095326427981326e-004	-5.493454e+000	-1.340366e+001
4.099941647110316e-004	-5.528356e+000	-1.338113e+001
4.100264964024486e-004	-5.530778e+000	-1.337859e+001
4.100911597852827e-004	-5.535558e+000	-1.337058e+001
4.101871512180496e-004	-5.542549e+000	-1.335379e+001
4.102318502765237e-004	-5.545667e+000	-1.334142e+001
4.102624825605638e-004	-5.547629e+000	-1.332797e+001
4.102838044307473e-004	-5.548812e+000	-1.331396e+001
4.103011794428378e-004	-5.549565e+000	-1.329735e+001
4.103180129618801e-004	-5.550039e+000	-1.327463e+001
4.103389325286590e-004	-5.550347e+000	-1.323698e+001
4.103648131302293e-004	-5.550586e+000	-1.317914e+001
4.103923141895046e-004	-5.550884e+000	-1.310586e+001
4.104217476626365e-004	-5.551262e+000	-1.301166e+001
4.104629835481122e-004	-5.551635e+000	-1.284686e+001
4.105203666933373e-004	-5.551484e+000	-1.255002e+001
4.105840512930226e-004	-5.550361e+000	-1.211925e+001
4.106485539484049e-004	-5.548859e+000	-1.157325e+001
4.107023784845668e-004	-5.548673e+000	-1.104638e+001
4.107646363923469e-004	-5.550858e+000	-1.039631e+001
4.108244436707978e-004	-5.554843e+000	-9.763125e+000
4.109639916923284e-004	-5.565644e+000	-8.284254e+000
4.111822561187777e-004	-5.582007e+000	-5.971038e+000
4.114005205452271e-004	-5.598300e+000	-3.657732e+000
4.116187849716765e-004	-5.614523e+000	-1.344338e+000
4.118370493981258e-004	-5.630676e+000	9.691451e-001
4.120553138245751e-004	-5.646759e+000	3.282717e+000
4.122735782510245e-004	-5.662772e+000	5.596378e+000
4.124918426774739e-004	-5.678715e+000	7.910128e+000
4.128342545612431e-004	-5.706315e+000	1.142717e+001
4.130417123577382e-004	-5.727800e+000	1.336598e+001
4.130444326786394e-004	-5.728646e+000	1.337878e+001
4.130498733204420e-004	-5.731483e+000	1.338211e+001
4.130607546040470e-004	-5.737209e+000	1.338778e+001
4.130753297992458e-004	-5.743969e+000	1.339401e+001
4.130906813132455e-004	-5.749630e+000	1.339933e+001
4.131067950129104e-004	-5.754388e+000	1.340392e+001
4.131254403683376e-004	-5.758633e+000	1.340835e+001
4.131469645829401e-004	-5.761846e+000	1.341267e+001
4.131667138163701e-004	-5.763899e+000	1.341611e+001
4.131778878229643e-004	-5.764982e+000	1.341785e+001
4.131895774149804e-004	-5.765888e+000	1.341952e+001
4.132033779485557e-004	-5.766553e+000	1.342134e+001
4.132159094416142e-004	-5.767212e+000	1.342289e+001
4.132259477787289e-004	-5.767969e+000	1.342406e+001
4.132375819776348e-004	-5.768811e+000	1.342534e+001
4.132489480120137e-004	-5.769374e+000	1.342652e+001
4.132618224093987e-004	-5.770020e+000	1.342779e+001
4.132722882612622e-004	-5.770797e+000	1.342877e+001
4.132859231585242e-004	-5.771868e+000	1.342998e+001
4.133000250627432e-004	-5.772711e+000	1.343117e+001
4.133131859426712e-004	-5.773499e+000	1.343223e+001
4.133401073597633e-004	-5.775638e+000	1.343423e+001
4.133665467597955e-004	-5.777304e+000	1.343603e+001
4.133787123392660e-004	-5.778292e+000	1.343681e+001
4.133931233701355e-004	-5.779414e+000	1.343769e+001
4.134048267537762e-004	-5.780135e+000	1.343838e+001
4.134193926726044e-004	-5.781096e+000	1.343921e+001
4.134312105424326e-004	-5.782051e+000	1.343986e+001
4.134459168860321e-004	-5.783159e+000	1.344064e+001
4.134579351113086e-004	-5.783896e+000	1.344125e+001
4.134727932525633e-004	-5.784907e+000	1.344198e+001
4.134853593611531e-004	-5.785910e+000	1.344258e+001
4.135003470363717e-004	-5.786983e+000	1.344327e+001
4.135138392464127e-004	-5.787818e+000	1.344387e+001
4.135291061747935e-004	-5.788910e+000	1.344452e+001
4.135443343742094e-004	-5.790088e+000	1.344515e+001
4.135804916014451e-004	-5.792511e+000	1.344657e+001
4.136000502868659e-004	-5.793972e+000	1.344729e+001
4.136177698383791e-004	-5.795197e+000	1.344792e+001
4.136350400009967e-004	-5.796323e+000	1.344852e+001
4.136741339520332e-004	-5.799143e+000	1.344979e+001
4.136918201644788e-004	-5.800301e+000	1.345033e+001
4.137327977335858e-004	-5.803233e+000	1.345153e+001
4.137540266113218e-004	-5.804638e+000	1.345212e+001
4.137958675029937e-004	-5.807612e+000	1.345321e+001
4.138175909039802e-004	-5.809055e+000	1.345376e+001
4.138613983770971e-004	-5.812145e+000	1.345479e+001
4.138841319882374e-004	-5.813660e+000	1.345530e+001
4.139317363287781e-004	-5.816992e+000	1.345631e+001
4.139565796578461e-004	-5.818654e+000	1.345681e+001
4.140135340122437e-004	-5.822598e+000	1.345790e+001
4.140414559766466e-004	-5.824488e+000	1.345840e+001
4.141038331029467e-004	-5.828779e+000	1.345945e+001
4.146180373041415e-004	-5.863511e+000	1.346468e+001
4.151322415053363e-004	-5.897466e+000	1.346894e+001
4.156464457065311e-004	-5.930646e+000	1.347221e+001
4.161606499077258e-004	-5.963050e+000	1.347449e+001
4.166748541089206e-004	-5.994677e+000	1.347580e+001
4.171890583101154e-004	-6.025529e+000	1.347613e+001
4.177032625113102e-004	-6.055605e+000	1.347547e+001
4.209615761268402e-004	-6.226419e+000	1.347599e+001
4.242198897423701e-004	-6.371557e+000	1.347640e+001
4.274782033579001e-004	-6.491017e+000	1.347668e+001
4.307365169734300e-004	-6.584800e+000	1.347686e+001
4.339948305889600e-004	-6.652906e+000	1.347691e+001
4.372531442044900e-004	-6.695334e+000	1.347685e+001
4.405114578200199e-004	-6.712086e+000	1.347668e+001
4.410372834560542e-004	-6.713154e+000	1.347668e+001
4.415589917783442e-004	-6.713655e+000	1.347668e+001
4.420788264157859e-004	-6.713605e+000	1.347668e+001
4.431233710076449e-004	-6.711864e+000	1.347668e+001
4.447512696773405e-004	-6.704850e+000	1.347668e+001
4.465590059937229e-004	-6.691052e+000	1.347668e+001
4.487282502895172e-004	-6.666359e+000	1.347668e+001
4.519851876523271e-004	-6.612867e+000	1.347668e+001
4.537228582623056e-004	-6.576342e+000	1.347668e+001
4.562091401075054e-004	-6.514489e+000	1.347668e+001
4.600763361399976e-004	-6.400044e+000	1.347668e+001
4.639825861399976e-004	-6.263788e+000	1.347668e+001
4.678888361399976e-004	-6.106107e+000	1.347668e+001
4.717950861399976e-004	-5.928395e+000	1.347668e+001
4.757013361399976e-004	-5.732056e+000	1.347668e+001
4.796075861399976e-004	-5.518438e+000	1.347668e+001
4.835138361399976e-004	-5.288841e+000	1.347668e+001
4.913263361399976e-004	-4.786654e+000	1.347668e+001
4.991388361399976e-004	-4.234900e+000	1.347668e+001
5.030450861399976e-004	-3.943167e+000	1.347668e+001
5.069513361399976e-004	-3.642229e+000	1.347668e+001
5.108575861399976e-004	-3.333054e+000	1.347668e+001
5.147638361399976e-004	-3.016569e+000	1.347668e+001
5.186700861399976e-004	-2.693658e+000	1.347668e+001
5.225763361399976e-004	-2.365165e+000	1.347668e+001
5.264825861399976e-004	-2.031894e+000	1.347668e+001
5.303888361399976e-004	-1.694609e+000	1.347668e+001
5.342950861399977e-004	-1.354038e+000	1.347668e+001
5.382013361399977e-004	-1.010873e+000	1.347668e+001
5.421075861399977e-004	-6.657683e-001	1.347668e+001
5.460138361399977e-004	-3.194315e-001	1.347668e+001
5.476944969975256e-004	-1.701276e-001	1.347668e+001
5.487609310250593e-004	-7.528524e-002	1.347667e+001
5.493660211854014e-004	-2.145348e-002	1.347667e+001
5.505742893476074e-004	8.603529e-002	1.347667e+001
5.508321001892586e-004	1.089642e-001	1.347667e+001
5.510737505949738e-004	1.304596e-001	1.347667e+001
5.516822373332151e-004	1.845954e-001	1.347667e+001
5.526679890188067e-004	2.722883e-001	1.347667e+001
5.530468478161972e-004	3.059877e-001	1.347667e+001
5.539459592300605e-004	3.859540e-001	1.347667e+001
5.551744213744009e-004	4.951774e-001	1.347667e+001
5.568876006422918e-004	6.474009e-001	1.347667e+001
5.593204283431243e-004	8.632969e-001	1.347667e+001
5.609093365792003e-004	1.004075e+000	1.347667e+001
5.628840085412151e-004	1.178714e+000	1.347667e+001
5.655249508563979e-004	1.411627e+000	1.347667e+001
5.689356709881882e-004	1.711192e+000	1.347667e+001
5.728419209881882e-004	2.052355e+000	1.347667e+001
5.767481709881882e-004	2.391093e+000	1.347667e+001
5.806544209881882e-004	2.726985e+000	1.347667e+001
5.845606709881882e-004	3.059695e+000	1.347667e+001
5.884669209881882e-004	3.388911e+000	1.347667e+001
5.923731709881882e-004	3.714345e+000	1.347666e+001
5.997941199828087e-004	4.321410e+000	1.347478e+001
6.073645756801177e-004	4.923604e+000	1.346166e+001
6.112708256801177e-004	5.227273e+000	1.343490e+001
6.151770756801177e-004	5.527023e+000	1.337731e+001
6.152381108363676e-004	5.531575e+000	1.337247e+001
6.153601811488677e-004	5.540359e+000	1.335063e+001
6.154235936150789e-004	5.544659e+000	1.333008e+001
6.154565002247665e-004	5.546556e+000	1.331024e+001
6.154775432666770e-004	5.547432e+000	1.328927e+001
6.154956418462721e-004	5.547874e+000	1.326299e+001
6.155165399087848e-004	5.548134e+000	1.322334e+001
6.155416261048288e-004	5.548369e+000	1.316536e+001
6.155714640970296e-004	5.548716e+000	1.308367e+001
6.156015438932203e-004	5.549072e+000	1.298282e+001
6.156536098016561e-004	5.549310e+000	1.275834e+001
6.157190681094623e-004	5.548638e+000	1.238434e+001
6.157873711801582e-004	5.546926e+000	1.187839e+001
6.158366182252807e-004	5.545723e+000	1.143298e+001
6.158917321263452e-004	5.545836e+000	1.087357e+001
6.159506478095413e-004	5.548296e+000	1.025117e+001
6.160095225551669e-004	5.552406e+000	9.623644e+000
6.161447941742107e-004	5.562768e+000	8.178983e+000
6.164278824450620e-004	5.583779e+000	5.142980e+000
6.166391466983991e-004	5.599407e+000	2.866135e+000
6.170616752050732e-004	5.630357e+000	-1.721262e+000
6.179067322184210e-004	5.691586e+000	-1.096198e+001
6.181179964717580e-004	5.719677e+000	-1.294518e+001
6.182201534174953e-004	5.747990e+000	-1.338892e+001
6.182672594790819e-004	5.759752e+000	-1.341449e+001
6.182754430097948e-004	5.760199e+000	-1.341603e+001
6.182846220954791e-004	5.760106e+000	-1.341752e+001
6.182930995959550e-004	5.760262e+000	-1.341882e+001
6.183008000175488e-004	5.760498e+000	-1.341994e+001
6.183108833575451e-004	5.760850e+000	-1.342133e+001
6.183217013558248e-004	5.761237e+000	-1.342273e+001
6.183325926086350e-004	5.761625e+000	-1.342406e+001
6.183450696525135e-004	5.762097e+000	-1.342550e+001
6.183592688466634e-004	5.762728e+000	-1.342702e+001
6.183773900276602e-004	5.763717e+000	-1.342882e+001
6.184012031494645e-004	5.765248e+000	-1.343098e+001
6.184305593053686e-004	5.767303e+000	-1.343339e+001
6.184868733768579e-004	5.771372e+000	-1.343739e+001
6.185180741633740e-004	5.773636e+000	-1.343929e+001
6.185576754571725e-004	5.776476e+000	-1.344145e+001
6.187058407120436e-004	5.786931e+000	-1.344792e+001
6.189133732729837e-004	5.801398e+000	-1.345409e+001
6.196329730592848e-004	5.850429e+000	-1.346538e+001
6.217855163693420e-004	5.987532e+000	-1.347526e+001
6.248328693596755e-004	6.158471e+000	-1.347745e+001
6.272529405398522e-004	6.275285e+000	-1.347769e+001
6.301416300101793e-004	6.394289e+000	-1.347774e+001
6.340478800101793e-004	6.522802e+000	-1.347773e+001
6.379541300101793e-004	6.616842e+000	-1.347770e+001
6.418603800101793e-004	6.675783e+000	-1.347768e+001
6.457666300101793e-004	6.701533e+000	-1.347766e+001
6.496728800101793e-004	6.695941e+000	-1.347764e+001
6.535791300101793e-004	6.660796e+000	-1.347762e+001
6.574853800101793e-004	6.597832e+000	-1.347760e+001
6.613916300101793e-004	6.508723e+000	-1.347758e+001
6.652978800101793e-004	6.395088e+000	-1.347755e+001
6.692041300101793e-004	6.258489e+000	-1.347753e+001
6.731103800101793e-004	6.100434e+000	-1.347751e+001
6.770166300101793e-004	5.922377e+000	-1.347749e+001
6.809228800101794e-004	5.725719e+000	-1.347747e+001
6.848291300101794e-004	5.511809e+000	-1.347745e+001
6.887353800101794e-004	5.281944e+000	-1.347742e+001
6.965478800101794e-004	4.779291e+000	-1.347738e+001
7.043603800101794e-004	4.227156e+000	-1.347734e+001
7.082666300101794e-004	3.935262e+000	-1.347731e+001
7.121728800101794e-004	3.634182e+000	-1.347729e+001
7.160791300101794e-004	3.324884e+000	-1.347727e+001
7.199853800101794e-004	3.008293e+000	-1.347725e+001
7.238916300101794e-004	2.685292e+000	-1.347723e+001
7.277978800101794e-004	2.356725e+000	-1.347720e+001
7.317041300101794e-004	2.023393e+000	-1.347718e+001
7.356103800101794e-004	1.686062e+000	-1.347716e+001
7.395166300101794e-004	1.345458e+000	-1.347714e+001
7.434228800101794e-004	1.002272e+000	-1.347712e+001
7.473291300101794e-004	6.571573e-001	-1.347709e+001
7.512353800101794e-004	3.108206e-001	-1.347707e+001
7.528623891546894e-004	1.662889e-001	-1.347706e+001
7.536893913683480e-004	9.275805e-002	-1.347706e+001
7.541304337931650e-004	5.353215e-002	-1.347705e+001
7.544636751242910e-004	2.389019e-002	-1.347705e+001
7.546657376930814e-004	5.915744e-003	-1.347705e+001
7.548694983422004e-004	-1.221055e-002	-1.347705e+001
7.551051637103797e-004	-3.317572e-002	-1.347705e+001
7.553553338717368e-004	-5.543217e-002	-1.347705e+001
7.556318373187366e-004	-8.002236e-002	-1.347705e+001
7.558401744204532e-004	-9.853470e-002	-1.347705e+001
7.562865036062389e-004	-1.382417e-001	-1.347704e+001
7.570618679424751e-004	-2.072147e-001	-1.347704e+001
7.598223708828523e-004	-4.529978e-001	-1.347702e+001
7.625828738232293e-004	-6.981458e-001	-1.347701e+001
7.653433767636065e-004	-9.426587e-001	-1.347699e+001
7.681038797039836e-004	-1.186536e+000	-1.347697e+001
7.708643826443608e-004	-1.429779e+000	-1.347696e+001
7.736248855847378e-004	-1.672387e+000	-1.347694e+001
7.763853885251150e-004	-1.914359e+000	-1.347693e+001
7.802916385251150e-004	-2.254139e+000	-1.347690e+001
7.841978885251150e-004	-2.591218e+000	-1.347688e+001
7.881041385251150e-004	-2.925249e+000	-1.347686e+001
7.920103885251150e-004	-3.255912e+000	-1.347684e+001
7.959166385251150e-004	-3.582908e+000	-1.347682e+001
8.037291385251150e-004	-4.224815e+000	-1.347542e+001
8.115416385251150e-004	-4.849000e+000	-1.346425e+001
8.154478885251150e-004	-5.153898e+000	-1.344707e+001
8.193541385251150e-004	-5.455012e+000	-1.341645e+001
8.194705990368246e-004	-5.463892e+000	-1.341449e+001
8.197035200602438e-004	-5.481544e+000	-1.340772e+001
8.201023078022169e-004	-5.511737e+000	-1.339142e+001
8.202800073800255e-004	-5.525115e+000	-1.337978e+001
8.203880836723620e-004	-5.533167e+000	-1.336820e+001
8.204539534001887e-004	-5.537983e+000	-1.335728e+001
8.204967557983584e-004	-5.541011e+000	-1.334662e+001
8.205269285726270e-004	-5.543026e+000	-1.333563e+001
8.205496924508986e-004	-5.544410e+000	-1.332371e+001
8.205679873201162e-004	-5.545365e+000	-1.331007e+001
8.205844447993702e-004	-5.546015e+000	-1.329275e+001
8.206018573531570e-004	-5.546441e+000	-1.326754e+001
8.206220311811805e-004	-5.546700e+000	-1.322938e+001
8.206492526075778e-004	-5.546949e+000	-1.316601e+001
8.206792313628546e-004	-5.547288e+000	-1.308297e+001
8.207092458410005e-004	-5.547661e+000	-1.298157e+001
8.207574581552833e-004	-5.547967e+000	-1.277444e+001
8.208195352400224e-004	-5.547510e+000	-1.242478e+001
8.208862625938718e-004	-5.546062e+000	-1.193993e+001
8.209366706791068e-004	-5.544929e+000	-1.149205e+001
8.209900302703749e-004	-5.545017e+000	-1.095705e+001
8.210487313276096e-004	-5.547385e+000	-1.034144e+001
8.211069698909955e-004	-5.551418e+000	-9.724584e+000
8.212427211687799e-004	-5.561922e+000	-8.285995e+000
8.216985780606229e-004	-5.596038e+000	-3.454646e+000
8.228714233402285e-004	-5.682294e+000	8.977529e+000
8.232450792330266e-004	-5.720378e+000	1.261097e+001
8.233713424401273e-004	-5.745050e+000	1.331670e+001
8.234502479107387e-004	-5.761812e+000	1.341671e+001
8.234612381431417e-004	-5.762901e+000	1.341862e+001
8.234733647738031e-004	-5.763440e+000	1.342029e+001
8.234818631799919e-004	-5.763874e+000	1.342140e+001
8.234922122929609e-004	-5.764249e+000	1.342268e+001
8.235031322453455e-004	-5.764556e+000	1.342395e+001
8.235161592887869e-004	-5.765123e+000	1.342539e+001
8.235282259088659e-004	-5.765864e+000	1.342664e+001
8.235408411872490e-004	-5.766595e+000	1.342787e+001
8.235545066767212e-004	-5.767299e+000	1.342914e+001
8.235694629188869e-004	-5.768259e+000	1.343045e+001
8.235842355577418e-004	-5.769368e+000	1.343166e+001
8.236000830845014e-004	-5.770446e+000	1.343290e+001
8.236165990993575e-004	-5.771538e+000	1.343411e+001
8.236539741853111e-004	-5.774336e+000	1.343662e+001
8.236699830735800e-004	-5.775418e+000	1.343761e+001
8.237093468240544e-004	-5.778323e+000	1.343985e+001
8.237295765522058e-004	-5.779697e+000	1.344091e+001
8.237500917239633e-004	-5.781160e+000	1.344193e+001
8.237697407196217e-004	-5.782606e+000	1.344286e+001
8.237905775063067e-004	-5.784022e+000	1.344380e+001
8.238136191586688e-004	-5.785641e+000	1.344479e+001
8.238342506048553e-004	-5.787140e+000	1.344563e+001
8.238566317150574e-004	-5.788668e+000	1.344649e+001
8.239059557053293e-004	-5.792158e+000	1.344827e+001
8.239308102558044e-004	-5.793852e+000	1.344910e+001
8.239863369124646e-004	-5.797757e+000	1.345082e+001
8.240149915523924e-004	-5.799716e+000	1.345164e+001
8.241071917387767e-004	-5.806123e+000	1.345393e+001
8.241993919251609e-004	-5.812500e+000	1.345600e+001
8.242915921115452e-004	-5.818849e+000	1.345787e+001
8.243837922979296e-004	-5.825168e+000	1.345953e+001
8.244759924843139e-004	-5.831458e+000	1.346098e+001
8.245681926706981e-004	-5.837718e+000	1.346222e+001
8.246603928570824e-004	-5.843949e+000	1.346326e+001
8.253449713268234e-004	-5.889481e+000	1.346797e+001
8.260295497965643e-004	-5.933602e+000	1.347173e+001
8.267141282663053e-004	-5.976314e+000	1.347453e+001
8.273987067360463e-004	-6.017615e+000	1.347637e+001
8.280832852057873e-004	-6.057507e+000	1.347726e+001
8.287678636755282e-004	-6.095988e+000	1.347720e+001
8.294524421452692e-004	-6.133059e+000	1.347618e+001
8.332619199218076e-004	-6.314904e+000	1.347663e+001
8.364826149078308e-004	-6.438485e+000	1.347667e+001
8.403888649078308e-004	-6.556189e+000	1.347668e+001
8.442951149078308e-004	-6.639164e+000	1.347668e+001
8.482013649078308e-004	-6.687636e+000	1.347668e+001
8.521076149078308e-004	-6.703495e+000	1.347668e+001
8.560138649078308e-004	-6.688572e+000	1.347668e+001
8.599201149078308e-004	-6.644639e+000	1.347668e+001
8.638263649078308e-004	-6.573412e+000	1.347668e+001
8.677326149078308e-004	-6.476546e+000	1.347668e+001
8.716388649078308e-004	-6.355644e+000	1.347668e+001
8.755451149078308e-004	-6.212252e+000	1.347668e+001
8.794513649078308e-004	-6.047859e+000	1.347668e+001
8.833576149078308e-004	-5.863905e+000	1.347668e+001
8.872638649078308e-004	-5.661773e+000	1.347668e+001
8.911701149078308e-004	-5.442796e+000	1.347668e+001
8.989826149078308e-004	-4.959388e+000	1.347668e+001
9.067951149078308e-004	-4.423343e+000	1.347668e+001
9.107013649078308e-004	-4.138391e+000	1.347668e+001
9.146076149078308e-004	-3.843561e+000	1.347668e+001
9.185138649078308e-004	-3.539848e+000	1.347668e+001
9.224201149078308e-004	-3.228209e+000	1.347668e+001
9.263263649078308e-004	-2.909555e+000	1.347668e+001
9.302326149078308e-004	-2.584757e+000	1.347668e+001
9.341388649078308e-004	-2.254645e+000	1.347668e+001
9.380451149078308e-004	-1.920010e+000	1.347668e+001
9.419513649078309e-004	-1.581605e+000	1.347668e+001
9.458576149078309e-004	-1.240145e+000	1.347668e+001
9.497638649078309e-004	-8.963101e-001	1.347668e+001
9.536701149078309e-004	-5.507435e-001	1.347668e+001
9.575763649078309e-004	-2.041216e-001	1.347668e+001
9.590372421551668e-004	-7.427368e-002	1.347667e+001
9.598395612805018e-004	-2.908794e-003	1.347667e+001
9.609830102677826e-004	9.880421e-002	1.347667e+001
9.613776754722847e-004	1.339032e-001	1.347667e+001
9.617619473717993e-004	1.680870e-001	1.347667e+001
9.622460917116737e-004	2.111564e-001	1.347667e+001
9.627302360515481e-004	2.542215e-001	1.347667e+001
9.632143803914225e-004	2.972821e-001	1.347667e+001
9.636985247312968e-004	3.403383e-001	1.347667e+001
9.641826690711711e-004	3.833901e-001	1.347667e+001
9.646668134110455e-004	4.264375e-001	1.347667e+001
9.651509577509199e-004	4.694806e-001	1.347667e+001
9.667055202970671e-004	6.076204e-001	1.347667e+001
9.678151663828154e-004	7.061507e-001	1.347667e+001
9.693716037447392e-004	8.442162e-001	1.347667e+001
9.717140629674661e-004	1.051603e+000	1.347667e+001
9.756203129674661e-004	1.396347e+000	1.347667e+001
9.795265629674661e-004	1.739486e+000	1.347667e+001
9.834328129674662e-004	2.080492e+000	1.347667e+001
9.873390629674662e-004	2.418984e+000	1.347667e+001
9.912453129674662e-004	2.754602e+000	1.347667e+001
9.951515629674662e-004	3.087013e+000	1.347667e+001
9.990578129674662e-004	3.415906e+000	1.347667e+001
1.002964062967466e-003	3.740996e+000	1.347665e+001
1.010318091670515e-003	4.341991e+000	1.347462e+001
1.017833528126014e-003	4.939215e+000	1.346105e+001
1.022228059376014e-003	5.281415e+000	1.344367e+001
1.023204621876014e-003	5.356192e+000	1.343284e+001
1.025157746876013e-003	5.505128e+000	1.339976e+001
1.025252481000620e-003	5.512303e+000	1.339636e+001
1.025441949249834e-003	5.526572e+000	1.338560e+001
1.025489316312138e-003	5.530128e+000	1.338198e+001
1.025584050436745e-003	5.537187e+000	1.337183e+001
1.025665579014184e-003	5.543175e+000	1.335957e+001
1.025711813697872e-003	5.546474e+000	1.334916e+001
1.025744436632870e-003	5.548686e+000	1.333829e+001
1.025768547286533e-003	5.550190e+000	1.332672e+001
1.025787727523041e-003	5.551233e+000	1.331361e+001
1.025804408560323e-003	5.551945e+000	1.329748e+001
1.025821276703030e-003	5.552413e+000	1.327471e+001
1.025842018532986e-003	5.552703e+000	1.323745e+001
1.025867878528132e-003	5.552908e+000	1.317976e+001
1.025895288662320e-003	5.553165e+000	1.310686e+001
1.025924713522401e-003	5.553499e+000	1.301290e+001
1.025965644865183e-003	5.553798e+000	1.284974e+001
1.026022905193863e-003	5.553534e+000	1.255431e+001
1.026086451787872e-003	5.552261e+000	1.212481e+001
1.026152106898996e-003	5.550529e+000	1.156833e+001
1.026206196091359e-003	5.550165e+000	1.103719e+001
1.026268701202998e-003	5.552228e+000	1.038133e+001
1.026335227299527e-003	5.556588e+000	9.672852e+000
1.026476064685776e-003	5.567362e+000	8.168760e+000
1.026903954610782e-003	5.599083e+000	3.573152e+000
1.027277744117319e-003	5.626533e+000	-4.773867e-001
1.028025323130391e-003	5.680845e+000	-8.637967e+000
1.028378668159251e-003	5.713460e+000	-1.230315e+001
1.028511857579534e-003	5.735959e+000	-1.338234e+001
1.028514657284328e-003	5.736895e+000	-1.339188e+001
1.028520256693916e-003	5.739336e+000	-1.339410e+001
1.028531455513091e-003	5.743869e+000	-1.339813e+001
1.028547293791563e-003	5.749308e+000	-1.340299e+001
1.028565997118976e-003	5.754285e+000	-1.340780e+001
1.028584806855057e-003	5.757916e+000	-1.341185e+001
1.028607248088805e-003	5.761065e+000	-1.341599e+001
1.028621374481520e-003	5.762578e+000	-1.341829e+001
1.028632767679684e-003	5.763555e+000	-1.341997e+001
1.028644914012696e-003	5.764452e+000	-1.342163e+001
1.028658066265394e-003	5.765332e+000	-1.342330e+001
1.028686393584187e-003	5.767109e+000	-1.342654e+001
1.028702833047093e-003	5.768147e+000	-1.342822e+001
1.028721535039448e-003	5.769361e+000	-1.342998e+001
1.028745433721817e-003	5.770964e+000	-1.343204e+001
1.028776907713942e-003	5.773142e+000	-1.343446e+001
1.028930183221358e-003	5.784032e+000	-1.344348e+001
1.029225609239145e-003	5.804716e+000	-1.345364e+001
1.029870644926200e-003	5.848734e+000	-1.346420e+001
1.031258783029426e-003	5.939084e+000	-1.347305e+001
1.035483146577665e-003	6.179553e+000	-1.347752e+001
1.037844964453891e-003	6.291373e+000	-1.347770e+001
1.041083222499004e-003	6.421016e+000	-1.347774e+001
1.044989472499004e-003	6.544487e+000	-1.347772e+001
1.048895722499004e-003	6.632891e+000	-1.347770e+001
1.052801972499004e-003	6.686492e+000	-1.347768e+001
1.056708222499004e-003	6.707190e+000	-1.347766e+001
1.060614472499004e-003	6.696824e+000	-1.347764e+001
1.064520722499004e-003	6.657176e+000	-1.347762e+001
1.068426972499004e-003	6.589971e+000	-1.347759e+001
1.072333222499004e-003	6.496872e+000	-1.347757e+001
1.076239472499004e-003	6.379493e+000	-1.347755e+001
1.080145722499004e-003	6.239385e+000	-1.347753e+001
1.084051972499004e-003	6.078049e+000	-1.347751e+001
1.087958222499004e-003	5.896931e+000	-1.347749e+001
1.091864472499004e-003	5.697423e+000	-1.347746e+001
1.095770722499005e-003	5.480867e+000	-1.347744e+001
1.099676972499005e-003	5.248553e+000	-1.347742e+001
1.107489472499005e-003	4.741560e+000	-1.347738e+001
1.115301972499005e-003	4.185782e+000	-1.347733e+001
1.119208222499005e-003	3.892310e+000	-1.347731e+001
1.123114472499005e-003	3.589805e+000	-1.347729e+001
1.127020722499005e-003	3.279229e+000	-1.347727e+001
1.130926972499005e-003	2.961500e+000	-1.347725e+001
1.134833222499005e-003	2.637495e+000	-1.347722e+001
1.138739472499005e-003	2.308052e+000	-1.347720e+001
1.142645722499005e-003	1.973966e+000	-1.347718e+001
1.146551972499005e-003	1.635997e+000	-1.347716e+001
1.150458222499005e-003	1.294865e+000	-1.347713e+001
1.154364472499005e-003	9.512560e-001	-1.347711e+001
1.158270722499005e-003	6.058180e-001	-1.347709e+001
1.162176972499005e-003	2.593113e-001	-1.347707e+001
1.163394845098034e-003	1.510268e-001	-1.347706e+001
1.164078867596856e-003	9.018520e-002	-1.347706e+001
1.164269203700577e-003	7.325273e-002	-1.347706e+001
1.164459539804298e-003	5.631956e-002	-1.347706e+001
1.164649875908018e-003	3.938568e-002	-1.347705e+001
1.164840212011739e-003	2.245110e-002	-1.347705e+001
1.165030548115460e-003	5.515816e-003	-1.347705e+001
1.165220884219180e-003	-1.142017e-002	-1.347705e+001
1.165411220322901e-003	-2.835687e-002	-1.347705e+001
1.165944204511299e-003	-7.577236e-002	-1.347705e+001
1.166258049666847e-003	-1.036827e-001	-1.347705e+001
1.166611773169495e-003	-1.351522e-001	-1.347704e+001
1.166989929191102e-003	-1.688022e-001	-1.347704e+001
1.168026418236478e-003	-2.610237e-001	-1.347703e+001
1.169268611090657e-003	-3.715291e-001	-1.347703e+001
1.171589087754888e-003	-5.778454e-001	-1.347701e+001
1.174590527388678e-003	-8.443410e-001	-1.347700e+001
1.177156298902869e-003	-1.071671e+000	-1.347698e+001
1.180370601019775e-003	-1.355619e+000	-1.347696e+001
1.184485568609229e-003	-1.717387e+000	-1.347694e+001
1.187015701186140e-003	-1.938629e+000	-1.347693e+001
1.190142381048439e-003	-2.210560e+000	-1.347691e+001
1.194048631048439e-003	-2.547932e+000	-1.347689e+001
1.197954881048439e-003	-2.882423e+000	-1.347686e+001
1.201861131048439e-003	-3.213583e+000	-1.347684e+001
1.205767381048439e-003	-3.541110e+000	-1.347682e+001
1.213579881048439e-003	-4.184172e+000	-1.347570e+001
1.221208547899080e-003	-4.795177e+000	-1.346615e+001
1.225114797899080e-003	-5.100924e+000	-1.345205e+001
1.229021047899080e-003	-5.402976e+000	-1.342860e+001
1.229164503369485e-003	-5.413955e+000	-1.342707e+001
1.229451414310293e-003	-5.435786e+000	-1.342234e+001
1.230025236191909e-003	-5.479403e+000	-1.340835e+001
1.230585773175085e-003	-5.521886e+000	-1.338791e+001
1.230642199706420e-003	-5.526133e+000	-1.338429e+001
1.230755052769092e-003	-5.534557e+000	-1.337342e+001
1.230818519399807e-003	-5.539246e+000	-1.336493e+001
1.230874088556731e-003	-5.543270e+000	-1.335421e+001
1.230910050702800e-003	-5.545784e+000	-1.334430e+001
1.230936810305461e-003	-5.547544e+000	-1.333376e+001
1.230957911433412e-003	-5.548802e+000	-1.332203e+001
1.230975509025236e-003	-5.549691e+000	-1.330827e+001
1.230991905221873e-003	-5.550308e+000	-1.329024e+001
1.231009745771223e-003	-5.550715e+000	-1.326349e+001
1.231029754326905e-003	-5.550951e+000	-1.322488e+001
1.231054706331767e-003	-5.551173e+000	-1.316623e+001
1.231084580246635e-003	-5.551513e+000	-1.308324e+001
1.231114115979834e-003	-5.551874e+000	-1.298321e+001
1.231164282130778e-003	-5.552176e+000	-1.276638e+001
1.231227596024013e-003	-5.551676e+000	-1.240626e+001
1.231295112020206e-003	-5.550184e+000	-1.191031e+001
1.231344816719187e-003	-5.549108e+000	-1.146479e+001
1.231399150696183e-003	-5.549314e+000	-1.091734e+001
1.231457885172023e-003	-5.551822e+000	-1.030051e+001
1.231516318090794e-003	-5.555943e+000	-9.681474e+000
1.231651471463816e-003	-5.566398e+000	-8.249228e+000
1.232126410416500e-003	-5.601929e+000	-3.215627e+000
1.233538483565817e-003	-5.705484e+000	1.175221e+001
1.233678431964529e-003	-5.722262e+000	1.310099e+001
1.233725763458292e-003	-5.735820e+000	1.334368e+001
1.233785057579900e-003	-5.757315e+000	1.340200e+001
1.233799201135013e-003	-5.760485e+000	1.340643e+001
1.233813986393766e-003	-5.762362e+000	1.340973e+001
1.233825301986783e-003	-5.763566e+000	1.341200e+001
1.233835677770818e-003	-5.764223e+000	1.341389e+001
1.233845361678054e-003	-5.764584e+000	1.341553e+001
1.233856035892390e-003	-5.765128e+000	1.341721e+001
1.233865450124410e-003	-5.765810e+000	1.341860e+001
1.233875407433328e-003	-5.766435e+000	1.341998e+001
1.233887366732490e-003	-5.766900e+000	1.342154e+001
1.233899814340024e-003	-5.767421e+000	1.342307e+001
1.233910051898563e-003	-5.768114e+000	1.342424e+001
1.233922844467391e-003	-5.769059e+000	1.342563e+001
1.233936169471850e-003	-5.769797e+000	1.342699e+001
1.233949662084620e-003	-5.770544e+000	1.342830e+001
1.233962500430954e-003	-5.771525e+000	1.342947e+001
1.233976800591359e-003	-5.772655e+000	1.343070e+001
1.234003582576284e-003	-5.774337e+000	1.343284e+001
1.234030736654176e-003	-5.776504e+000	1.343480e+001
1.234042366163432e-003	-5.777226e+000	1.343559e+001
1.234056952787530e-003	-5.778194e+000	1.343654e+001
1.234068809236849e-003	-5.779162e+000	1.343728e+001
1.234083438273196e-003	-5.780273e+000	1.343816e+001
1.234095299891412e-003	-5.781004e+000	1.343884e+001
1.234110052458331e-003	-5.782007e+000	1.343966e+001
1.234122406939936e-003	-5.783001e+000	1.344032e+001
1.234137270913840e-003	-5.784078e+000	1.344109e+001
1.234150404230067e-003	-5.784890e+000	1.344174e+001
1.234165497916445e-003	-5.785963e+000	1.344247e+001
1.234179933754177e-003	-5.787093e+000	1.344314e+001
1.234195532150387e-003	-5.788152e+000	1.344383e+001
1.234213067640678e-003	-5.789298e+000	1.344458e+001
1.234230629815481e-003	-5.790614e+000	1.344531e+001
1.234248453075564e-003	-5.791890e+000	1.344602e+001
1.234263999438908e-003	-5.792890e+000	1.344661e+001
1.234281705881288e-003	-5.794156e+000	1.344726e+001
1.234300099349623e-003	-5.795516e+000	1.344792e+001
1.234318684695502e-003	-5.796745e+000	1.344856e+001
1.234338323223978e-003	-5.798106e+000	1.344921e+001
1.234355575338437e-003	-5.799384e+000	1.344976e+001
1.234401074014231e-003	-5.802488e+000	1.345112e+001
1.234422806551103e-003	-5.804055e+000	1.345174e+001
1.234475174133782e-003	-5.807648e+000	1.345313e+001
1.234499534006390e-003	-5.809374e+000	1.345374e+001
1.234524658105196e-003	-5.811078e+000	1.345434e+001
1.234583963627813e-003	-5.815200e+000	1.345568e+001
1.234612728420492e-003	-5.817142e+000	1.345628e+001
1.234686063850705e-003	-5.822195e+000	1.345768e+001
1.234759399280918e-003	-5.827228e+000	1.345898e+001
1.234832734711131e-003	-5.832243e+000	1.346017e+001
1.234906070141344e-003	-5.837238e+000	1.346127e+001
1.234979405571557e-003	-5.842215e+000	1.346227e+001
1.235052741001770e-003	-5.847173e+000	1.346317e+001
1.235126076431983e-003	-5.852112e+000	1.346396e+001
1.236011476995094e-003	-5.910554e+000	1.346875e+001
1.236896877558205e-003	-5.966701e+000	1.347254e+001
1.237782278121316e-003	-6.020551e+000	1.347533e+001
1.238667678684428e-003	-6.072105e+000	1.347712e+001
1.239553079247539e-003	-6.121363e+000	1.347791e+001
1.240438479810650e-003	-6.168326e+000	1.347770e+001
1.241323880373761e-003	-6.212992e+000	1.347649e+001
1.244945659746673e-003	-6.372727e+000	1.347665e+001
1.247942544868159e-003	-6.478576e+000	1.347667e+001
1.251848794868159e-003	-6.585597e+000	1.347668e+001
1.255755044868159e-003	-6.658951e+000	1.347668e+001
1.259661294868159e-003	-6.698319e+000	1.347668e+001
1.263567544868159e-003	-6.705577e+000	1.347668e+001
1.267473794868159e-003	-6.682539e+000	1.347668e+001
1.271380044868159e-003	-6.630960e+000	1.347668e+001
1.275286294868159e-003	-6.552542e+000	1.347668e+001
1.279192544868159e-003	-6.448926e+000	1.347668e+001
1.283098794868160e-003	-6.321698e+000	1.347668e+001
1.287005044868160e-003	-6.172389e+000	1.347668e+001
1.290911294868160e-003	-6.002476e+000	1.347668e+001
1.294817544868160e-003	-5.813382e+000	1.347668e+001
1.298723794868160e-003	-5.606478e+000	1.347668e+001
1.302630044868160e-003	-5.383082e+000	1.347668e+001
1.310442544868160e-003	-4.891841e+000	1.347668e+001
1.318255044868160e-003	-4.349218e+000	1.347668e+001
1.322161294868160e-003	-4.061416e+000	1.347668e+001
1.326067544868160e-003	-3.764010e+000	1.347668e+001
1.329973794868160e-003	-3.457987e+000	1.347668e+001
1.333880044868160e-003	-3.144290e+000	1.347668e+001
1.337786294868160e-003	-2.823819e+000	1.347668e+001
1.341692544868160e-003	-2.497435e+000	1.347668e+001
1.345598794868160e-003	-2.165956e+000	1.347668e+001
1.349505044868160e-003	-1.830163e+000	1.347668e+001
1.353411294868160e-003	-1.490799e+000	1.347668e+001
1.357317544868160e-003	-1.148570e+000	1.347668e+001
1.361223794868160e-003	-8.041438e-001	1.347668e+001
1.365130044868160e-003	-4.581567e-001	1.347668e+001
1.369036294868160e-003	-1.112391e-001	1.347667e+001
1.370475879028319e-003	1.677882e-002	1.347667e+001
1.371157732106774e-003	7.743072e-002	1.347667e+001
1.371462502318729e-003	1.045537e-001	1.347667e+001
1.371670589893096e-003	1.230653e-001	1.347667e+001
1.372108167765870e-003	1.619958e-001	1.347667e+001
1.372681373689894e-003	2.129961e-001	1.347667e+001
1.373254579613918e-003	2.639895e-001	1.347667e+001
1.373827785537942e-003	3.149761e-001	1.347667e+001
1.374400991461965e-003	3.659558e-001	1.347667e+001
1.374974197385989e-003	4.169288e-001	1.347667e+001
1.375547403310013e-003	4.678948e-001	1.347667e+001
1.376120609234037e-003	5.188541e-001	1.347667e+001
1.377250691224453e-003	6.192693e-001	1.347667e+001
1.378672016747131e-003	7.454694e-001	1.347667e+001
1.380475881980467e-003	9.054471e-001	1.347667e+001
1.382778896684979e-003	1.109290e+000	1.347667e+001
1.386070693218688e-003	1.399738e+000	1.347667e+001
1.389976943218688e-003	1.742840e+000	1.347667e+001
1.393883193218688e-003	2.083865e+000	1.347667e+001
1.397789443218688e-003	2.422369e+000	1.347667e+001
1.401695693218688e-003	2.757993e+000	1.347667e+001
1.405601943218688e-003	3.090405e+000	1.347667e+001
1.409508193218688e-003	3.419294e+000	1.347667e+001
1.413414443218688e-003	3.744375e+000	1.347665e+001
1.420760512203714e-003	4.344704e+000	1.347458e+001
1.428268515006762e-003	4.941316e+000	1.346091e+001
1.432663046256762e-003	5.283516e+000	1.344337e+001
1.433639608756762e-003	5.358279e+000	1.343223e+001
1.435592733756762e-003	5.507206e+000	1.339793e+001
1.435677908867069e-003	5.513654e+000	1.339471e+001
1.435848259087684e-003	5.526464e+000	1.338403e+001
1.435936894449027e-003	5.533098e+000	1.337618e+001
1.436030840722383e-003	5.540054e+000	1.336411e+001
1.436081430518453e-003	5.543719e+000	1.335461e+001
1.436118306350026e-003	5.546293e+000	1.334449e+001
1.436145661044642e-003	5.548093e+000	1.333381e+001
1.436167045150909e-003	5.549368e+000	1.332200e+001
1.436184709697084e-003	5.550259e+000	1.330824e+001
1.436201139944907e-003	5.550875e+000	1.329022e+001
1.436219027019219e-003	5.551278e+000	1.326348e+001
1.436239085184821e-003	5.551499e+000	1.322488e+001
1.436264070642548e-003	5.551692e+000	1.316629e+001
1.436293983310494e-003	5.551996e+000	1.308335e+001
1.436323565670582e-003	5.552315e+000	1.298330e+001
1.436373887490789e-003	5.552524e+000	1.276587e+001
1.436437307539933e-003	5.551881e+000	1.240493e+001
1.436504841299872e-003	5.550201e+000	1.190797e+001
1.436554648635115e-003	5.548954e+000	1.146028e+001
1.436608951817015e-003	5.548972e+000	1.091104e+001
1.436667712112272e-003	5.551318e+000	1.029093e+001
1.436726287882631e-003	5.555348e+000	9.666704e+000
1.436861705369663e-003	5.565722e+000	8.220572e+000
1.437338257730303e-003	5.601046e+000	3.100267e+000
1.437746104224889e-003	5.630945e+000	-1.325079e+000
1.438561797214061e-003	5.690078e+000	-1.024096e+001
1.438762326806340e-003	5.707985e+000	-1.235156e+001
1.438873169916768e-003	5.728371e+000	-1.324072e+001
1.438921879200849e-003	5.744652e+000	-1.339636e+001
1.438951364780654e-003	5.754504e+000	-1.340676e+001
1.438962984636981e-003	5.756804e+000	-1.340956e+001
1.438978529799457e-003	5.758762e+000	-1.341275e+001
1.438989512011668e-003	5.759943e+000	-1.341479e+001
1.439000777553019e-003	5.760964e+000	-1.341670e+001
1.439011610606034e-003	5.761809e+000	-1.341841e+001
1.439022311475286e-003	5.762532e+000	-1.341997e+001
1.439046150399725e-003	5.763921e+000	-1.342313e+001
1.439059601600070e-003	5.764678e+000	-1.342473e+001
1.439074079865836e-003	5.765527e+000	-1.342634e+001
1.439090941271041e-003	5.766574e+000	-1.342807e+001
1.439112198677699e-003	5.767965e+000	-1.343007e+001
1.439141419922805e-003	5.769958e+000	-1.343254e+001
1.439181216185086e-003	5.772758e+000	-1.343553e+001
1.439263921617894e-003	5.778676e+000	-1.344066e+001
1.439311135688966e-003	5.782029e+000	-1.344305e+001
1.439499020243003e-003	5.795232e+000	-1.345034e+001
1.439849510302257e-003	5.819458e+000	-1.345846e+001
1.440778702476205e-003	5.881765e+000	-1.346886e+001
1.444101066051405e-003	6.083582e+000	-1.347690e+001
1.448172530768942e-003	6.287251e+000	-1.347770e+001
1.451142564661768e-003	6.407900e+000	-1.347774e+001
1.455048814661768e-003	6.533868e+000	-1.347772e+001
1.458955064661768e-003	6.625288e+000	-1.347770e+001
1.462861314661768e-003	6.681746e+000	-1.347768e+001
1.466767564661768e-003	6.705144e+000	-1.347766e+001
1.470673814661768e-003	6.697330e+000	-1.347764e+001
1.474580064661768e-003	6.660087e+000	-1.347762e+001
1.478486314661768e-003	6.595145e+000	-1.347760e+001
1.482392564661768e-003	6.504174e+000	-1.347757e+001
1.486298814661768e-003	6.388790e+000	-1.347755e+001
1.490205064661768e-003	6.250550e+000	-1.347753e+001
1.494111314661768e-003	6.090960e+000	-1.347751e+001
1.498017564661768e-003	5.911469e+000	-1.347749e+001
1.501923814661768e-003	5.713475e+000	-1.347747e+001
1.505830064661768e-003	5.498322e+000	-1.347744e+001
1.509736314661768e-003	5.267306e+000	-1.347742e+001
1.517548814661768e-003	4.762608e+000	-1.347738e+001
1.525361314661768e-003	4.208750e+000	-1.347734e+001
1.529267564661768e-003	3.916108e+000	-1.347731e+001
1.533173814661768e-003	3.614350e+000	-1.347729e+001
1.537080064661768e-003	3.304441e+000	-1.347727e+001
1.540986314661768e-003	2.987305e+000	-1.347725e+001
1.544892564661768e-003	2.663821e+000	-1.347723e+001
1.548798814661768e-003	2.334830e+000	-1.347720e+001
1.552705064661768e-003	2.001131e+000	-1.347718e+001
1.556611314661768e-003	1.663486e+000	-1.347716e+001
1.560517564661768e-003	1.322621e+000	-1.347714e+001
1.564423814661768e-003	9.792206e-001	-1.347711e+001
1.568330064661768e-003	6.339388e-001	-1.347709e+001
1.572236314661768e-003	2.874778e-001	-1.347707e+001
1.573750654198116e-003	1.529190e-001	-1.347706e+001
1.574522695809135e-003	8.426070e-002	-1.347706e+001
1.574880635111329e-003	5.242014e-002	-1.347705e+001
1.575267826083240e-003	1.797391e-002	-1.347705e+001
1.575519337604318e-003	-4.403097e-003	-1.347705e+001
1.575808991822953e-003	-3.017496e-002	-1.347705e+001
1.576153717614524e-003	-6.084412e-002	-1.347705e+001
1.576501824676937e-003	-9.180309e-002	-1.347705e+001
1.576899798071977e-003	-1.271966e-001	-1.347704e+001
1.577176111814215e-003	-1.517831e-001	-1.347704e+001
1.577978310585681e-003	-2.231569e-001	-1.347704e+001
1.579028937652321e-003	-3.166224e-001	-1.347703e+001
1.580478653513343e-003	-4.455549e-001	-1.347702e+001
1.582429561946793e-003	-6.189513e-001	-1.347701e+001
1.584961237375434e-003	-8.436826e-001	-1.347700e+001
1.588200143520493e-003	-1.130531e+000	-1.347698e+001
1.592330106647220e-003	-1.494826e+000	-1.347696e+001
1.594797688930087e-003	-1.711505e+000	-1.347694e+001
1.597592478405629e-003	-1.955869e+000	-1.347692e+001
1.600732376619506e-003	-2.228910e+000	-1.347691e+001
1.604286671163469e-003	-2.535854e+000	-1.347689e+001
1.608192921163469e-003	-2.870379e+000	-1.347686e+001
1.612099171163469e-003	-3.201648e+000	-1.347684e+001
1.616005421163469e-003	-3.529296e+000	-1.347682e+001
1.623817921163469e-003	-4.172632e+000	-1.347577e+001
1.631379866784428e-003	-4.778692e+000	-1.346663e+001
1.635286116784428e-003	-5.084670e+000	-1.345316e+001
1.639192366784428e-003	-5.386945e+000	-1.343087e+001
1.639416054885405e-003	-5.404084e+000	-1.342857e+001
1.639863431087358e-003	-5.438147e+000	-1.342094e+001
1.640629219144966e-003	-5.496369e+000	-1.340347e+001
1.640729995440343e-003	-5.504005e+000	-1.339991e+001
1.640931548031097e-003	-5.519221e+000	-1.338961e+001
1.641040959554644e-003	-5.527447e+000	-1.338161e+001
1.641169678504634e-003	-5.537039e+000	-1.336768e+001
1.641232293187976e-003	-5.541615e+000	-1.335735e+001
1.641275769187204e-003	-5.544684e+000	-1.334642e+001
1.641306224978896e-003	-5.546715e+000	-1.333521e+001
1.641328988203320e-003	-5.548093e+000	-1.332311e+001
1.641347153231903e-003	-5.549029e+000	-1.330933e+001
1.641363558294589e-003	-5.549664e+000	-1.329175e+001
1.641381093055341e-003	-5.550081e+000	-1.326598e+001
1.641401169266931e-003	-5.550328e+000	-1.322768e+001
1.641427271990639e-003	-5.550560e+000	-1.316667e+001
1.641457243612555e-003	-5.550898e+000	-1.308359e+001
1.641486912122514e-003	-5.551262e+000	-1.298336e+001
1.641535746300776e-003	-5.551569e+000	-1.277345e+001
1.641597986101173e-003	-5.551105e+000	-1.242241e+001
1.641664948017444e-003	-5.549648e+000	-1.193489e+001
1.641715338906765e-003	-5.548524e+000	-1.148641e+001
1.641768919829149e-003	-5.548636e+000	-1.094864e+001
1.641827641087877e-003	-5.551036e+000	-1.033262e+001
1.641885915351897e-003	-5.555089e+000	-9.715353e+000
1.642021499296485e-003	-5.565578e+000	-8.278539e+000
1.642481315120754e-003	-5.599984e+000	-3.405229e+000
1.643662795783344e-003	-5.686838e+000	9.118496e+000
1.644040868860168e-003	-5.727624e+000	1.272515e+001
1.644168454830189e-003	-5.754327e+000	1.336199e+001
1.644234651863976e-003	-5.766776e+000	1.341779e+001
1.644245874852797e-003	-5.767284e+000	1.341959e+001
1.644254725919100e-003	-5.767466e+000	1.342078e+001
1.644262532275106e-003	-5.767859e+000	1.342178e+001
1.644271157281186e-003	-5.768133e+000	1.342283e+001
1.644281113661436e-003	-5.768196e+000	1.342399e+001
1.644291818983467e-003	-5.768362e+000	1.342517e+001
1.644300447562058e-003	-5.768838e+000	1.342608e+001
1.644312133891818e-003	-5.769718e+000	1.342726e+001
1.644322698937828e-003	-5.770294e+000	1.342827e+001
1.644332885096591e-003	-5.770686e+000	1.342921e+001
1.644344011214874e-003	-5.771345e+000	1.343018e+001
1.644353548491942e-003	-5.772187e+000	1.343099e+001
1.644365158443453e-003	-5.773170e+000	1.343193e+001
1.644386256096096e-003	-5.774371e+000	1.343353e+001
1.644399660853179e-003	-5.775466e+000	1.343449e+001
1.644412016845423e-003	-5.776540e+000	1.343534e+001
1.644424393906660e-003	-5.777348e+000	1.343616e+001
1.644438292768212e-003	-5.778198e+000	1.343704e+001
1.644466173547769e-003	-5.780464e+000	1.343870e+001
1.644492702042954e-003	-5.782118e+000	1.344016e+001
1.644518702973949e-003	-5.784200e+000	1.344150e+001
1.644544528886305e-003	-5.785800e+000	1.344273e+001
1.644556124073517e-003	-5.786734e+000	1.344327e+001
1.644570396628721e-003	-5.787834e+000	1.344390e+001
1.644582125063374e-003	-5.788545e+000	1.344440e+001
1.644596611102399e-003	-5.789480e+000	1.344501e+001
1.644608397233888e-003	-5.790421e+000	1.344549e+001
1.644623108282503e-003	-5.791520e+000	1.344607e+001
1.644635104670423e-003	-5.792249e+000	1.344653e+001
1.644650036322542e-003	-5.793249e+000	1.344708e+001
1.644662560927154e-003	-5.794240e+000	1.344754e+001
1.644677618442972e-003	-5.795313e+000	1.344807e+001
1.644691020717403e-003	-5.796136e+000	1.344852e+001
1.644706320223420e-003	-5.797218e+000	1.344903e+001
1.644721364446104e-003	-5.798377e+000	1.344952e+001
1.644758002191622e-003	-5.800818e+000	1.345064e+001
1.644777017156153e-003	-5.802227e+000	1.345120e+001
1.644795297980214e-003	-5.803488e+000	1.345172e+001
1.644812533493128e-003	-5.804605e+000	1.345219e+001
1.644852273872087e-003	-5.807451e+000	1.345323e+001
1.644870270212392e-003	-5.808625e+000	1.345368e+001
1.644912070475558e-003	-5.811594e+000	1.345467e+001
1.644933792975961e-003	-5.813026e+000	1.345516e+001
1.644976951866105e-003	-5.816071e+000	1.345609e+001
1.644999483034286e-003	-5.817561e+000	1.345656e+001
1.645045679050568e-003	-5.820794e+000	1.345746e+001
1.645069971895792e-003	-5.822409e+000	1.345791e+001
1.645124185713749e-003	-5.826160e+000	1.345886e+001
1.645150314860194e-003	-5.827918e+000	1.345930e+001
1.645177062425174e-003	-5.829779e+000	1.345973e+001
1.645242460556735e-003	-5.834220e+000	1.346073e+001
1.645275151327413e-003	-5.836473e+000	1.346120e+001
1.645343029772105e-003	-5.841063e+000	1.346211e+001
1.646082313048532e-003	-5.890355e+000	1.346745e+001
1.646821596324959e-003	-5.938044e+000	1.347169e+001
1.647560879601386e-003	-5.984127e+000	1.347482e+001
1.648300162877813e-003	-6.028606e+000	1.347684e+001
1.649039446154240e-003	-6.071480e+000	1.347776e+001
1.649778729430668e-003	-6.112749e+000	1.347758e+001
1.650518012707095e-003	-6.152413e+000	1.347628e+001
1.653247038712777e-003	-6.285233e+000	1.347660e+001
1.655547918039011e-003	-6.380834e+000	1.347666e+001
1.658812781515661e-003	-6.493620e+000	1.347667e+001
1.662719031515661e-003	-6.596694e+000	1.347668e+001
1.666625281515661e-003	-6.665675e+000	1.347668e+001
1.670531531515661e-003	-6.700909e+000	1.347668e+001
1.674437781515661e-003	-6.704263e+000	1.347668e+001
1.678344031515661e-003	-6.677546e+000	1.347668e+001
1.682250281515661e-003	-6.622505e+000	1.347668e+001
1.686156531515661e-003	-6.540833e+000	1.347668e+001
1.690062781515661e-003	-6.434167e+000	1.347668e+001
1.693969031515661e-003	-6.304083e+000	1.347668e+001
1.697875281515661e-003	-6.152108e+000	1.347668e+001
1.701781531515661e-003	-5.979709e+000	1.347668e+001
1.705687781515661e-003	-5.788305e+000	1.347668e+001
1.709594031515661e-003	-5.579259e+000	1.347668e+001
1.713500281515661e-003	-5.353884e+000	1.347668e+001
1.721312781515661e-003	-4.859144e+000	1.347668e+001
1.729125281515661e-003	-4.313597e+000	1.347668e+001
1.733031531515661e-003	-4.024534e+000	1.347668e+001
1.736937781515661e-003	-3.725994e+000	1.347668e+001
1.740844031515661e-003	-3.418957e+000	1.347668e+001
1.744750281515661e-003	-3.104361e+000	1.347668e+001
1.748656531515661e-003	-2.783102e+000	1.347668e+001
1.752562781515661e-003	-2.456034e+000	1.347668e+001
1.756469031515661e-003	-2.123972e+000	1.347668e+001
1.760375281515661e-003	-1.787692e+000	1.347668e+001
1.764281531515661e-003	-1.447931e+000	1.347668e+001
1.768187781515661e-003	-1.105390e+000	1.347668e+001
1.772094031515661e-003	-7.607352e-001	1.347668e+001
1.776000281515661e-003	-4.145952e-001	1.347668e+001
1.779906531515661e-003	-6.758945e-002	1.347667e+001
1.781153951863023e-003	4.335167e-002	1.347667e+001
1.781790214661770e-003	9.994636e-002	1.347667e+001
1.782118449885123e-003	1.291552e-001	1.347667e+001
1.782643252363849e-003	1.758437e-001	1.347667e+001
1.782932668335162e-003	2.015940e-001	1.347667e+001
1.783222084306474e-003	2.273430e-001	1.347667e+001
1.783511500277786e-003	2.530907e-001	1.347667e+001
1.783800916249099e-003	2.788370e-001	1.347667e+001
1.784090332220411e-003	3.045821e-001	1.347667e+001
1.784379748191723e-003	3.303258e-001	1.347667e+001
1.784669164163036e-003	3.560682e-001	1.347667e+001
1.786219426366876e-003	4.939887e-001	1.347667e+001
1.787769688570716e-003	6.317363e-001	1.347667e+001
1.789319950774556e-003	7.693111e-001	1.347667e+001
1.790870212978396e-003	9.067129e-001	1.347667e+001
1.792420475182237e-003	1.043942e+000	1.347667e+001
1.793970737386077e-003	1.180998e+000	1.347667e+001
1.795520999589917e-003	1.317881e+000	1.347667e+001
1.799427249589917e-003	1.661401e+000	1.347667e+001
1.803333499589917e-003	2.002970e+000	1.347667e+001
1.807239749589917e-003	2.342105e+000	1.347667e+001
1.811145999589917e-003	2.678445e+000	1.347667e+001
1.815052249589917e-003	3.011649e+000	1.347667e+001
1.818958499589917e-003	3.341403e+000	1.347667e+001
1.822864749589917e-003	3.667414e+000	1.347667e+001
1.830677249589917e-003	4.307184e+000	1.347481e+001
1.838363295728919e-003	4.919006e+000	1.346186e+001
1.842269545728919e-003	5.222764e+000	1.343671e+001
1.846175795728919e-003	5.522617e+000	1.338431e+001
1.846236830885169e-003	5.527211e+000	1.338085e+001
1.846358901197669e-003	5.536231e+000	1.336714e+001
1.846422415209636e-003	5.540864e+000	1.335667e+001
1.846465250742582e-003	5.543896e+000	1.334604e+001
1.846494295392190e-003	5.545840e+000	1.333558e+001
1.846516816190094e-003	5.547218e+000	1.332402e+001
1.846535308664594e-003	5.548194e+000	1.331062e+001
1.846552064495132e-003	5.548875e+000	1.329351e+001
1.846569686388081e-003	5.549331e+000	1.326869e+001
1.846590272740580e-003	5.549610e+000	1.323054e+001
1.846618785919334e-003	5.549871e+000	1.316513e+001
1.846649063065475e-003	5.550209e+000	1.308211e+001
1.846679779060553e-003	5.550567e+000	1.297890e+001
1.846728586544063e-003	5.550799e+000	1.276942e+001
1.846791861500414e-003	5.550187e+000	1.241196e+001
1.846858934899522e-003	5.548537e+000	1.192231e+001
1.846908727792363e-003	5.547256e+000	1.147752e+001
1.846962141756207e-003	5.547179e+000	1.093920e+001
1.847020751850294e-003	5.549404e+000	1.032140e+001
1.847079099559127e-003	5.553353e+000	9.699743e+000
1.847214949977760e-003	5.563760e+000	8.249072e+000
1.847675262951041e-003	5.597890e+000	3.304344e+000
1.848070624698790e-003	5.626899e+000	-9.832405e-001
1.848861348194288e-003	5.684308e+000	-9.619316e+000
1.849049199406617e-003	5.697775e+000	-1.168554e+001
1.849183820228417e-003	5.713451e+000	-1.305084e+001
1.849232255245476e-003	5.727819e+000	-1.333310e+001
1.849276957183798e-003	5.746471e+000	-1.339744e+001
1.849290652213688e-003	5.750722e+000	-1.340256e+001
1.849304922367357e-003	5.753448e+000	-1.340638e+001
1.849321719982183e-003	5.755906e+000	-1.341025e+001
1.849335500023063e-003	5.757487e+000	-1.341306e+001
1.849346649516096e-003	5.758507e+000	-1.341510e+001
1.849357198635283e-003	5.759304e+000	-1.341687e+001
1.849367945541810e-003	5.760004e+000	-1.341855e+001
1.849391972458552e-003	5.761396e+000	-1.342191e+001
1.849405503419770e-003	5.762177e+000	-1.342361e+001
1.849420187352456e-003	5.763060e+000	-1.342532e+001
1.849437631879163e-003	5.764157e+000	-1.342719e+001
1.849459529060656e-003	5.765596e+000	-1.342932e+001
1.849490156249350e-003	5.767694e+000	-1.343199e+001
1.849530181263913e-003	5.770524e+000	-1.343507e+001
1.849614097367759e-003	5.776534e+000	-1.344037e+001
1.849664031697777e-003	5.780080e+000	-1.344291e+001
1.849873134845219e-003	5.794768e+000	-1.345091e+001
1.850252291953845e-003	5.820936e+000	-1.345929e+001
1.851174102634527e-003	5.882649e+000	-1.346919e+001
1.854709741357354e-003	6.095901e+000	-1.347704e+001
1.858909540134375e-003	6.302317e+000	-1.347771e+001
1.861918233077567e-003	6.421766e+000	-1.347774e+001
1.865824483077567e-003	6.543810e+000	-1.347772e+001
1.869730733077567e-003	6.631412e+000	-1.347770e+001
1.873636983077567e-003	6.684258e+000	-1.347768e+001
1.877543233077567e-003	6.704248e+000	-1.347766e+001
1.881449483077567e-003	6.693219e+000	-1.347764e+001
1.885355733077567e-003	6.652951e+000	-1.347761e+001
1.889261983077567e-003	6.585166e+000	-1.347759e+001
1.893168233077567e-003	6.491529e+000	-1.347757e+001
1.897074483077567e-003	6.373649e+000	-1.347755e+001
1.900980733077567e-003	6.233078e+000	-1.347753e+001
1.904886983077567e-003	6.071315e+000	-1.347751e+001
1.908793233077567e-003	5.889803e+000	-1.347749e+001
1.912699483077567e-003	5.689936e+000	-1.347746e+001
1.916605733077567e-003	5.473051e+000	-1.347744e+001
1.920511983077566e-003	5.240438e+000	-1.347742e+001
1.928324483077565e-003	4.732934e+000	-1.347738e+001
1.936136983077564e-003	4.176751e+000	-1.347733e+001
1.940043233077564e-003	3.883113e+000	-1.347731e+001
1.943949483077564e-003	3.580466e+000	-1.347729e+001
1.947855733077563e-003	3.269768e+000	-1.347727e+001
1.951761983077563e-003	2.951940e+000	-1.347725e+001
1.955668233077562e-003	2.627855e+000	-1.347722e+001
1.959574483077562e-003	2.298350e+000	-1.347720e+001
1.963480733077561e-003	1.964221e+000	-1.347718e+001
1.967386983077561e-003	1.626225e+000	-1.347716e+001
1.971293233077561e-003	1.285083e+000	-1.347713e+001
1.975199483077560e-003	9.414785e-001	-1.347711e+001
1.979105733077560e-003	5.960593e-001	-1.347709e+001
1.983011983077559e-003	2.495815e-001	-1.347707e+001
1.984204124567204e-003	1.435980e-001	-1.347706e+001
1.984847731549669e-003	8.635903e-002	-1.347706e+001
1.985285383999886e-003	4.742981e-002	-1.347705e+001
1.985480484174192e-003	3.007417e-002	-1.347705e+001
1.985817955668676e-003	5.176061e-005	-1.347705e+001
1.986434299512501e-003	-5.478025e-002	-1.347705e+001
1.986815455744013e-003	-8.867798e-002	-1.347705e+001
1.987191775857377e-003	-1.221401e-001	-1.347704e+001
1.987473164693955e-003	-1.471770e-001	-1.347704e+001
1.987778491822010e-003	-1.743451e-001	-1.347704e+001
1.988940381245101e-003	-2.777052e-001	-1.347703e+001
1.990406515492324e-003	-4.081030e-001	-1.347703e+001
1.992097585198743e-003	-5.584322e-001	-1.347702e+001
1.995075224829248e-003	-8.228184e-001	-1.347700e+001
1.998709294891599e-003	-1.144681e+000	-1.347698e+001
2.000000000000000e-003	-1.258701e+000	-1.347697e+001
