time	V(a)-1.5	V(b)-3	V(c)-4.5	V(d)-6	V(out)
0.000000000000000e+000	-5.000000e-001	-2.000000e+000	-3.500000e+000	-5.000000e+000	9.999864e-001
9.999999824516700e-015	-5.100000e-001	-2.010000e+000	-3.510000e+000	-5.010000e+000	9.999864e-001
1.999999964903340e-014	-5.200000e-001	-2.020000e+000	-3.520000e+000	-5.020000e+000	9.999864e-001
3.999999929806680e-014	-5.400000e-001	-2.040000e+000	-3.540000e+000	-5.040000e+000	9.999863e-001
7.999999859613360e-014	-5.800000e-001	-2.080000e+000	-3.580000e+000	-5.080000e+000	9.999862e-001
1.599999971922672e-013	-6.600000e-001	-2.160000e+000	-3.660000e+000	-5.160000e+000	9.999861e-001
3.199999943845344e-013	-8.200000e-001	-2.320000e+000	-3.820000e+000	-5.320000e+000	9.999859e-001
6.399999887690688e-013	-1.140000e+000	-2.640000e+000	-4.140000e+000	-5.640000e+000	9.999853e-001
1.000000000000000e-012	-1.500000e+000	-3.000000e+000	-4.500000e+000	-6.000000e+000	9.999848e-001
1.037464308755160e-012	-1.500000e+000	-3.000000e+000	-4.500000e+000	-6.000000e+000	9.999848e-001
1.112392926265479e-012	-1.500000e+000	-3.000000e+000	-4.500000e+000	-6.000000e+000	9.999848e-001
1.262250161286118e-012	-1.500000e+000	-3.000000e+000	-4.500000e+000	-6.000000e+000	9.999848e-001
1.461632870117403e-012	-1.500000e+000	-3.000000e+000	-4.500000e+000	-6.000000e+000	9.999848e-001
1.724653993880030e-012	-1.500000e+000	-3.000000e+000	-4.500000e+000	-6.000000e+000	9.999848e-001
2.250696241405283e-012	-1.500000e+000	-3.000000e+000	-4.500000e+000	-6.000000e+000	9.999849e-001
3.302780736455789e-012	-1.500000e+000	-3.000000e+000	-4.500000e+000	-6.000000e+000	9.999849e-001
5.406949726556801e-012	-1.500000e+000	-3.000000e+000	-4.500000e+000	-6.000000e+000	9.999851e-001
9.615287706758824e-012	-1.500000e+000	-3.000000e+000	-4.500000e+000	-6.000000e+000	9.999856e-001
1.695562584126862e-011	-1.500000e+000	-3.000000e+000	-4.500000e+000	-6.000000e+000	9.999865e-001
2.475810498669458e-011	-1.500000e+000	-3.000000e+000	-4.500000e+000	-6.000000e+000	9.999874e-001
3.524381931040513e-011	-1.500000e+000	-3.000000e+000	-4.500000e+000	-6.000000e+000	9.999878e-001
4.896391463170920e-011	-1.500000e+000	-3.000000e+000	-4.500000e+000	-6.000000e+000	9.999863e-001
6.162484205936679e-011	-1.500000e+000	-3.000000e+000	-4.500000e+000	-6.000000e+000	9.999832e-001
8.067308609026336e-011	-1.500000e+000	-3.000000e+000	-4.500000e+000	-6.000000e+000	9.999771e-001
9.848911519434929e-011	-1.500000e+000	-3.000000e+000	-4.500000e+000	-6.000000e+000	9.999708e-001
1.264810184816897e-010	-1.500000e+000	-3.000000e+000	-4.500000e+000	-6.000000e+000	9.999607e-001
1.677272373477143e-010	-1.500000e+000	-3.000000e+000	-4.500000e+000	-6.000000e+000	9.999455e-001
2.315076813705346e-010	-1.500000e+000	-3.000000e+000	-4.500000e+000	-6.000000e+000	9.999222e-001
3.590685694161751e-010	-1.500000e+000	-3.000000e+000	-4.500000e+000	-6.000000e+000	9.998754e-001
6.141903455074562e-010	-1.500000e+000	-3.000000e+000	-4.500000e+000	-6.000000e+000	9.997818e-001
1.124433897690018e-009	-1.500000e+000	-3.000000e+000	-4.500000e+000	-6.000000e+000	9.995949e-001
2.144921002055143e-009	-1.500000e+000	-3.000000e+000	-4.500000e+000	-6.000000e+000	9.992208e-001
4.185895210785391e-009	-1.500000e+000	-3.000000e+000	-4.500000e+000	-6.000000e+000	9.984729e-001
8.267843628245887e-009	-1.500000e+000	-3.000000e+000	-4.500000e+000	-6.000000e+000	9.969773e-001
1.563842576332411e-007	-1.500000e+000	-3.000000e+000	-4.500000e+000	-6.000000e+000	9.428018e-001
3.045006716382363e-007	-1.500000e+000	-3.000000e+000	-4.500000e+000	-6.000000e+000	8.895084e-001
4.526170856432314e-007	-1.500000e+000	-3.000000e+000	-4.500000e+000	-6.000000e+000	8.370970e-001
6.007334996482266e-007	-1.500000e+000	-3.000000e+000	-4.500000e+000	-6.000000e+000	7.855678e-001
7.488499136532218e-007	-1.500000e+000	-3.000000e+000	-4.500000e+000	-6.000000e+000	7.349206e-001
8.969663276582169e-007	-1.500000e+000	-3.000000e+000	-4.500000e+000	-6.000000e+000	6.851554e-001
1.045082741663212e-006	-1.500000e+000	-3.000000e+000	-4.500000e+000	-6.000000e+000	6.362724e-001
1.850657282038630e-006	-1.500000e+000	-3.000000e+000	-4.500000e+000	-6.000000e+000	3.957764e-001
2.523471262609381e-006	-1.500000e+000	-3.000000e+000	-4.500000e+000	-6.000000e+000	2.415571e-001
3.309775012412179e-006	-1.500000e+000	-3.000000e+000	-4.500000e+000	-6.000000e+000	1.218139e-001
3.828061790168767e-006	-1.500000e+000	-3.000000e+000	-4.500000e+000	-6.000000e+000	7.234929e-002
4.195963351621469e-006	-1.500000e+000	-3.000000e+000	-4.500000e+000	-6.000000e+000	5.076207e-002
4.618675064363553e-006	-1.500000e+000	-3.000000e+000	-4.500000e+000	-6.000000e+000	3.419166e-002
5.044467551325509e-006	-1.500000e+000	-3.000000e+000	-4.500000e+000	-6.000000e+000	2.281506e-002
5.508209902526141e-006	-1.500000e+000	-3.000000e+000	-4.500000e+000	-6.000000e+000	1.473938e-002
6.042325498417192e-006	-1.500000e+000	-3.000000e+000	-4.500000e+000	-6.000000e+000	8.919975e-003
6.647684277571290e-006	-1.500000e+000	-3.000000e+000	-4.500000e+000	-6.000000e+000	5.072570e-003
7.409918080935168e-006	-1.500000e+000	-3.000000e+000	-4.500000e+000	-6.000000e+000	2.526714e-003
8.363222502657398e-006	-1.500000e+000	-3.000000e+000	-4.500000e+000	-6.000000e+000	1.080915e-003
9.698183746935103e-006	-1.500000e+000	-3.000000e+000	-4.500000e+000	-6.000000e+000	3.599940e-004
1.166741188785210e-005	-1.500000e+000	-3.000000e+000	-4.500000e+000	-6.000000e+000	9.726708e-005
1.512064798614918e-005	-1.500000e+000	-3.000000e+000	-4.500000e+000	-6.000000e+000	4.193325e-005
3.584006457593165e-005	-1.500000e+000	-3.000000e+000	-4.500000e+000	-6.000000e+000	4.090057e-005
4.967781899051935e-003	-1.500000e+000	-3.000000e+000	-4.500000e+000	-6.000000e+000	4.085976e-005
5.000000001000001e-003	-1.500000e+000	-3.000000e+000	-4.500000e+000	-6.000000e+000	4.094230e-005
5.000000001100000e-003	-1.400000e+000	-3.000000e+000	-4.500000e+000	-6.000000e+000	4.097067e-005
5.000000001300000e-003	-1.200000e+000	-3.000000e+000	-4.500000e+000	-6.000000e+000	4.102704e-005
5.000000001603054e-003	-8.969468e-001	-3.000000e+000	-4.500000e+000	-6.000000e+000	4.110989e-005
5.000000001935952e-003	-5.640490e-001	-3.000000e+000	-4.500000e+000	-6.000000e+000	4.119668e-005
5.000000002000000e-003	-5.000000e-001	-3.000000e+000	-4.500000e+000	-6.000000e+000	4.121220e-005
5.000000002014842e-003	-5.000000e-001	-3.000000e+000	-4.500000e+000	-6.000000e+000	4.121210e-005
5.000000002044527e-003	-5.000000e-001	-3.000000e+000	-4.500000e+000	-6.000000e+000	4.121132e-005
5.000000002103897e-003	-5.000000e-001	-3.000000e+000	-4.500000e+000	-6.000000e+000	4.120972e-005
5.000000002222637e-003	-5.000000e-001	-3.000000e+000	-4.500000e+000	-6.000000e+000	4.120731e-005
5.000000002362973e-003	-5.000000e-001	-3.000000e+000	-4.500000e+000	-6.000000e+000	4.120429e-005
5.000000002643644e-003	-5.000000e-001	-3.000000e+000	-4.500000e+000	-6.000000e+000	4.119684e-005
5.000000003204986e-003	-5.000000e-001	-3.000000e+000	-4.500000e+000	-6.000000e+000	4.117755e-005
5.000000004327669e-003	-5.000000e-001	-3.000000e+000	-4.500000e+000	-6.000000e+000	4.112811e-005
5.000000006573037e-003	-5.000000e-001	-3.000000e+000	-4.500000e+000	-6.000000e+000	4.101237e-005
5.000000011063772e-003	-5.000000e-001	-3.000000e+000	-4.500000e+000	-6.000000e+000	4.076387e-005
5.000000019720038e-003	-5.000000e-001	-3.000000e+000	-4.500000e+000	-6.000000e+000	4.040328e-005
5.000000037032570e-003	-5.000000e-001	-3.000000e+000	-4.500000e+000	-6.000000e+000	4.072523e-005
5.000000058752729e-003	-5.000000e-001	-3.000000e+000	-4.500000e+000	-6.000000e+000	4.354016e-005
5.000000083846986e-003	-5.000000e-001	-3.000000e+000	-4.500000e+000	-6.000000e+000	4.946195e-005
5.000000110400207e-003	-5.000000e-001	-3.000000e+000	-4.500000e+000	-6.000000e+000	5.708855e-005
5.000000134369287e-003	-5.000000e-001	-3.000000e+000	-4.500000e+000	-6.000000e+000	6.423069e-005
5.000000172330471e-003	-5.000000e-001	-3.000000e+000	-4.500000e+000	-6.000000e+000	7.556523e-005
5.000000248252840e-003	-5.000000e-001	-3.000000e+000	-4.500000e+000	-6.000000e+000	9.825669e-005
5.000000400097578e-003	-5.000000e-001	-3.000000e+000	-4.500000e+000	-6.000000e+000	1.436750e-004
5.000000703787053e-003	-5.000000e-001	-3.000000e+000	-4.500000e+000	-6.000000e+000	2.345585e-004
5.000001283846915e-003	-5.000000e-001	-3.000000e+000	-4.500000e+000	-6.000000e+000	4.081957e-004
5.000002281332688e-003	-5.000000e-001	-3.000000e+000	-4.500000e+000	-6.000000e+000	7.068079e-004
5.000004052304299e-003	-5.000000e-001	-3.000000e+000	-4.500000e+000	-6.000000e+000	1.236924e-003
5.000007432816368e-003	-5.000000e-001	-3.000000e+000	-4.500000e+000	-6.000000e+000	2.248524e-003
5.000014193840506e-003	-5.000000e-001	-3.000000e+000	-4.500000e+000	-6.000000e+000	4.270365e-003
5.000027715888782e-003	-5.000000e-001	-3.000000e+000	-4.500000e+000	-6.000000e+000	8.308487e-003
5.000054759985335e-003	-5.000000e-001	-3.000000e+000	-4.500000e+000	-6.000000e+000	1.636239e-002
5.000108848178441e-003	-5.000000e-001	-3.000000e+000	-4.500000e+000	-6.000000e+000	3.238089e-002
5.000217024564653e-003	-5.000000e-001	-3.000000e+000	-4.500000e+000	-6.000000e+000	6.406200e-002
5.000433377337077e-003	-5.000000e-001	-3.000000e+000	-4.500000e+000	-6.000000e+000	1.260056e-001
5.000866082881925e-003	-5.000000e-001	-3.000000e+000	-4.500000e+000	-6.000000e+000	2.439927e-001
5.001731493971620e-003	-5.000000e-001	-3.000000e+000	-4.500000e+000	-6.000000e+000	4.540554e-001
5.003051739497886e-003	-5.000000e-001	-3.000000e+000	-4.500000e+000	-6.000000e+000	7.030409e-001
5.004507295718730e-003	-5.000000e-001	-3.000000e+000	-4.500000e+000	-6.000000e+000	8.731647e-001
5.006080447596572e-003	-5.000000e-001	-3.000000e+000	-4.500000e+000	-6.000000e+000	9.587034e-001
5.007565675847262e-003	-5.000000e-001	-3.000000e+000	-4.500000e+000	-6.000000e+000	9.874198e-001
5.009267612684912e-003	-5.000000e-001	-3.000000e+000	-4.500000e+000	-6.000000e+000	9.965550e-001
5.011424507617746e-003	-5.000000e-001	-3.000000e+000	-4.500000e+000	-6.000000e+000	9.992728e-001
5.015008631645327e-003	-5.000000e-001	-3.000000e+000	-4.500000e+000	-6.000000e+000	9.999244e-001
5.021060549395567e-003	-5.000000e-001	-3.000000e+000	-4.500000e+000	-6.000000e+000	9.999835e-001
5.033164384896049e-003	-5.000000e-001	-3.000000e+000	-4.500000e+000	-6.000000e+000	9.999774e-001
5.183912397898938e-003	-5.000000e-001	-3.000000e+000	-4.500000e+000	-6.000000e+000	9.999785e-001
5.808912397898938e-003	-5.000000e-001	-3.000000e+000	-4.500000e+000	-6.000000e+000	9.999785e-001
6.433912397898939e-003	-5.000000e-001	-3.000000e+000	-4.500000e+000	-6.000000e+000	9.999785e-001
7.058912397898940e-003	-5.000000e-001	-3.000000e+000	-4.500000e+000	-6.000000e+000	9.999785e-001
7.683912397898941e-003	-5.000000e-001	-3.000000e+000	-4.500000e+000	-6.000000e+000	9.999785e-001
8.308912397898941e-003	-5.000000e-001	-3.000000e+000	-4.500000e+000	-6.000000e+000	9.999785e-001
8.933912397898942e-003	-5.000000e-001	-3.000000e+000	-4.500000e+000	-6.000000e+000	9.999785e-001
9.558912397898941e-003	-5.000000e-001	-3.000000e+000	-4.500000e+000	-6.000000e+000	9.999785e-001
9.921875000000000e-003	-5.000000e-001	-3.000000e+000	-4.500000e+000	-6.000000e+000	9.999785e-001
1.000000000000000e-002	-5.000000e-001	-3.000000e+000	-4.500000e+000	-6.000000e+000	9.999784e-001
1.000000000010000e-002	-5.999998e-001	-3.000000e+000	-4.500000e+000	-6.000000e+000	9.999784e-001
1.000000000030000e-002	-7.999996e-001	-3.000000e+000	-4.500000e+000	-6.000000e+000	9.999783e-001
1.000000000070000e-002	-1.199999e+000	-3.000000e+000	-4.500000e+000	-6.000000e+000	9.999782e-001
1.000000000100000e-002	-1.500000e+000	-3.000000e+000	-4.500000e+000	-6.000000e+000	9.999781e-001
1.000000000103124e-002	-1.500000e+000	-2.968761e+000	-4.500000e+000	-6.000000e+000	9.999782e-001
1.000000000109372e-002	-1.500000e+000	-2.906283e+000	-4.500000e+000	-6.000000e+000	9.999782e-001
1.000000000121867e-002	-1.500000e+000	-2.781328e+000	-4.500000e+000	-6.000000e+000	9.999783e-001
1.000000000140458e-002	-1.500000e+000	-2.595419e+000	-4.500000e+000	-6.000000e+000	9.999784e-001
1.000000000162237e-002	-1.500000e+000	-2.377626e+000	-4.500000e+000	-6.000000e+000	9.999786e-001
1.000000000200000e-002	-1.500000e+000	-2.000000e+000	-4.500000e+000	-6.000000e+000	9.999789e-001
1.000000000204356e-002	-1.500000e+000	-2.000000e+000	-4.500000e+000	-6.000000e+000	9.999789e-001
1.000000000213068e-002	-1.500000e+000	-2.000000e+000	-4.500000e+000	-6.000000e+000	9.999789e-001
1.000000000230491e-002	-1.500000e+000	-2.000000e+000	-4.500000e+000	-6.000000e+000	9.999789e-001
1.000000000256114e-002	-1.500000e+000	-2.000000e+000	-4.500000e+000	-6.000000e+000	9.999789e-001
1.000000000297868e-002	-1.500000e+000	-2.000000e+000	-4.500000e+000	-6.000000e+000	9.999788e-001
1.000000000381376e-002	-1.500000e+000	-2.000000e+000	-4.500000e+000	-6.000000e+000	9.999788e-001
1.000000000548392e-002	-1.500000e+000	-2.000000e+000	-4.500000e+000	-6.000000e+000	9.999788e-001
1.000000000882423e-002	-1.500000e+000	-2.000000e+000	-4.500000e+000	-6.000000e+000	9.999788e-001
1.000000001545813e-002	-1.500000e+000	-2.000000e+000	-4.500000e+000	-6.000000e+000	9.999787e-001
1.000000002458946e-002	-1.500000e+000	-2.000000e+000	-4.500000e+000	-6.000000e+000	9.999785e-001
1.000000003487455e-002	-1.500000e+000	-2.000000e+000	-4.500000e+000	-6.000000e+000	9.999785e-001
1.000000004562329e-002	-1.500000e+000	-2.000000e+000	-4.500000e+000	-6.000000e+000	9.999784e-001
1.000000006712077e-002	-1.500000e+000	-2.000000e+000	-4.500000e+000	-6.000000e+000	9.999784e-001
1.000000010133975e-002	-1.500000e+000	-2.000000e+000	-4.500000e+000	-6.000000e+000	9.999784e-001
1.000000015874764e-002	-1.500000e+000	-2.000000e+000	-4.500000e+000	-6.000000e+000	9.999784e-001
1.000000025883819e-002	-1.500000e+000	-2.000000e+000	-4.500000e+000	-6.000000e+000	9.999784e-001
1.000000045901930e-002	-1.500000e+000	-2.000000e+000	-4.500000e+000	-6.000000e+000	9.999784e-001
1.000000085938151e-002	-1.500000e+000	-2.000000e+000	-4.500000e+000	-6.000000e+000	9.999784e-001
1.000000166010593e-002	-1.500000e+000	-2.000000e+000	-4.500000e+000	-6.000000e+000	9.999784e-001
1.000000326155478e-002	-1.500000e+000	-2.000000e+000	-4.500000e+000	-6.000000e+000	9.999784e-001
1.000000646445247e-002	-1.500000e+000	-2.000000e+000	-4.500000e+000	-6.000000e+000	9.999784e-001
1.492187500100000e-002	-1.500000e+000	-2.000000e+000	-4.500000e+000	-6.000000e+000	9.999785e-001
1.500000000100000e-002	-1.499999e+000	-2.000000e+000	-4.500000e+000	-6.000000e+000	9.999785e-001
1.500000000110000e-002	-1.399999e+000	-2.000000e+000	-4.500000e+000	-6.000000e+000	9.999785e-001
1.500000000130000e-002	-1.200000e+000	-2.000000e+000	-4.500000e+000	-6.000000e+000	9.999785e-001
1.500000000161429e-002	-8.857076e-001	-2.000000e+000	-4.500000e+000	-6.000000e+000	9.999786e-001
1.500000000195433e-002	-5.456705e-001	-2.000000e+000	-4.500000e+000	-6.000000e+000	9.999787e-001
1.500000000200000e-002	-5.000000e-001	-2.000000e+000	-4.500000e+000	-6.000000e+000	9.999787e-001
1.500000000201281e-002	-5.000000e-001	-2.000000e+000	-4.500000e+000	-6.000000e+000	9.999787e-001
1.500000000203842e-002	-5.000000e-001	-2.000000e+000	-4.500000e+000	-6.000000e+000	9.999787e-001
1.500000000208965e-002	-5.000000e-001	-2.000000e+000	-4.500000e+000	-6.000000e+000	9.999787e-001
1.500000000219212e-002	-5.000000e-001	-2.000000e+000	-4.500000e+000	-6.000000e+000	9.999787e-001
1.500000000231661e-002	-5.000000e-001	-2.000000e+000	-4.500000e+000	-6.000000e+000	9.999787e-001
1.500000000256560e-002	-5.000000e-001	-2.000000e+000	-4.500000e+000	-6.000000e+000	9.999787e-001
1.500000000306358e-002	-5.000000e-001	-2.000000e+000	-4.500000e+000	-6.000000e+000	9.999787e-001
1.500000000405954e-002	-5.000000e-001	-2.000000e+000	-4.500000e+000	-6.000000e+000	9.999786e-001
1.500000000605145e-002	-5.000000e-001	-2.000000e+000	-4.500000e+000	-6.000000e+000	9.999786e-001
1.500000001003528e-002	-5.000000e-001	-2.000000e+000	-4.500000e+000	-6.000000e+000	9.999785e-001
1.500000001800293e-002	-5.000000e-001	-2.000000e+000	-4.500000e+000	-6.000000e+000	9.999785e-001
1.500000003291528e-002	-5.000000e-001	-2.000000e+000	-4.500000e+000	-6.000000e+000	9.999785e-001
1.500000005227201e-002	-5.000000e-001	-2.000000e+000	-4.500000e+000	-6.000000e+000	9.999785e-001
1.500000008767137e-002	-5.000000e-001	-2.000000e+000	-4.500000e+000	-6.000000e+000	9.999785e-001
1.500000015847009e-002	-5.000000e-001	-2.000000e+000	-4.500000e+000	-6.000000e+000	9.999785e-001
1.500000030006755e-002	-5.000000e-001	-2.000000e+000	-4.500000e+000	-6.000000e+000	9.999785e-001
1.500000055097000e-002	-5.000000e-001	-2.000000e+000	-4.500000e+000	-6.000000e+000	9.999785e-001
1.500000100452636e-002	-5.000000e-001	-2.000000e+000	-4.500000e+000	-6.000000e+000	9.999785e-001
1.500000180493120e-002	-5.000000e-001	-2.000000e+000	-4.500000e+000	-6.000000e+000	9.999785e-001
1.500000335639817e-002	-5.000000e-001	-2.000000e+000	-4.500000e+000	-6.000000e+000	9.999785e-001
1.500000609061254e-002	-5.000000e-001	-2.000000e+000	-4.500000e+000	-6.000000e+000	9.999785e-001
1.500001151034117e-002	-5.000000e-001	-2.000000e+000	-4.500000e+000	-6.000000e+000	9.999785e-001
1.500002165609768e-002	-5.000000e-001	-2.000000e+000	-4.500000e+000	-6.000000e+000	9.999785e-001
1.500004194761069e-002	-5.000000e-001	-2.000000e+000	-4.500000e+000	-6.000000e+000	9.999785e-001
1.500008253063670e-002	-5.000000e-001	-2.000000e+000	-4.500000e+000	-6.000000e+000	9.999785e-001
1.500016369668873e-002	-5.000000e-001	-2.000000e+000	-4.500000e+000	-6.000000e+000	9.999785e-001
1.500032602879280e-002	-5.000000e-001	-2.000000e+000	-4.500000e+000	-6.000000e+000	9.999785e-001
1.992686540186471e-002	-5.000000e-001	-2.000000e+000	-4.500000e+000	-6.000000e+000	9.999785e-001
2.000000000000000e-002	-5.000000e-001	-2.000000e+000	-4.500000e+000	-6.000000e+000	9.999785e-001
2.000000000010000e-002	-5.999998e-001	-2.100000e+000	-4.500000e+000	-6.000000e+000	9.999784e-001
2.000000000030000e-002	-7.999996e-001	-2.300000e+000	-4.500000e+000	-6.000000e+000	9.999782e-001
2.000000000070000e-002	-1.199999e+000	-2.699999e+000	-4.500000e+000	-6.000000e+000	9.999778e-001
2.000000000100000e-002	-1.499999e+000	-2.999999e+000	-4.500000e+000	-6.000000e+000	9.999776e-001
2.000000000104391e-002	-1.500000e+000	-3.000000e+000	-4.456091e+000	-6.000000e+000	9.999776e-001
2.000000000113173e-002	-1.500000e+000	-3.000000e+000	-4.368269e+000	-6.000000e+000	9.999776e-001
2.000000000130738e-002	-1.500000e+000	-3.000000e+000	-4.192624e+000	-6.000000e+000	9.999776e-001
2.000000000150742e-002	-1.500000e+000	-3.000000e+000	-3.992583e+000	-6.000000e+000	9.999776e-001
2.000000000179297e-002	-1.500000e+000	-3.000000e+000	-3.707027e+000	-6.000000e+000	9.999777e-001
2.000000000200000e-002	-1.500000e+000	-3.000000e+000	-3.500000e+000	-6.000000e+000	9.999778e-001
2.000000000203445e-002	-1.500000e+000	-3.000000e+000	-3.500000e+000	-6.000000e+000	9.999778e-001
2.000000000210333e-002	-1.500000e+000	-3.000000e+000	-3.500000e+000	-6.000000e+000	9.999778e-001
2.000000000224110e-002	-1.500000e+000	-3.000000e+000	-3.500000e+000	-6.000000e+000	9.999778e-001
2.000000000244121e-002	-1.500000e+000	-3.000000e+000	-3.500000e+000	-6.000000e+000	9.999778e-001
2.000000000271971e-002	-1.500000e+000	-3.000000e+000	-3.500000e+000	-6.000000e+000	9.999778e-001
2.000000000327670e-002	-1.500000e+000	-3.000000e+000	-3.500000e+000	-6.000000e+000	9.999778e-001
2.000000000439070e-002	-1.500000e+000	-3.000000e+000	-3.500000e+000	-6.000000e+000	9.999778e-001
2.000000000661869e-002	-1.500000e+000	-3.000000e+000	-3.500000e+000	-6.000000e+000	9.999779e-001
2.000000001107466e-002	-1.500000e+000	-3.000000e+000	-3.500000e+000	-6.000000e+000	9.999781e-001
2.000000001866920e-002	-1.500000e+000	-3.000000e+000	-3.500000e+000	-6.000000e+000	9.999785e-001
2.000000002680131e-002	-1.500000e+000	-3.000000e+000	-3.500000e+000	-6.000000e+000	9.999787e-001
2.000000003809102e-002	-1.500000e+000	-3.000000e+000	-3.500000e+000	-6.000000e+000	9.999783e-001
2.000000005398328e-002	-1.500000e+000	-3.000000e+000	-3.500000e+000	-6.000000e+000	9.999774e-001
2.000000007100686e-002	-1.500000e+000	-3.000000e+000	-3.500000e+000	-6.000000e+000	9.999767e-001
2.000000008818424e-002	-1.500000e+000	-3.000000e+000	-3.500000e+000	-6.000000e+000	9.999764e-001
2.000000011274503e-002	-1.500000e+000	-3.000000e+000	-3.500000e+000	-6.000000e+000	9.999763e-001
2.000000013913938e-002	-1.500000e+000	-3.000000e+000	-3.500000e+000	-6.000000e+000	9.999762e-001
2.000000018766930e-002	-1.500000e+000	-3.000000e+000	-3.500000e+000	-6.000000e+000	9.999762e-001
2.000000028472915e-002	-1.500000e+000	-3.000000e+000	-3.500000e+000	-6.000000e+000	9.999761e-001
2.000000047884884e-002	-1.500000e+000	-3.000000e+000	-3.500000e+000	-6.000000e+000	9.999760e-001
2.000000083026034e-002	-1.500000e+000	-3.000000e+000	-3.500000e+000	-6.000000e+000	9.999759e-001
2.000000146648755e-002	-1.500000e+000	-3.000000e+000	-3.500000e+000	-6.000000e+000	9.999759e-001
2.000000263231841e-002	-1.500000e+000	-3.000000e+000	-3.500000e+000	-6.000000e+000	9.999758e-001
2.000000472142969e-002	-1.500000e+000	-3.000000e+000	-3.500000e+000	-6.000000e+000	9.999758e-001
2.000000864693169e-002	-1.500000e+000	-3.000000e+000	-3.500000e+000	-6.000000e+000	9.999757e-001
2.000001589358483e-002	-1.500000e+000	-3.000000e+000	-3.500000e+000	-6.000000e+000	9.999757e-001
2.000002999477387e-002	-1.500000e+000	-3.000000e+000	-3.500000e+000	-6.000000e+000	9.999757e-001
2.000005418538968e-002	-1.500000e+000	-3.000000e+000	-3.500000e+000	-6.000000e+000	9.999758e-001
2.000358601529717e-002	-1.500000e+000	-3.000000e+000	-3.500000e+000	-6.000000e+000	9.999777e-001
2.000711784520467e-002	-1.500000e+000	-3.000000e+000	-3.500000e+000	-6.000000e+000	9.999790e-001
2.001064967511217e-002	-1.500000e+000	-3.000000e+000	-3.500000e+000	-6.000000e+000	9.999800e-001
2.001418150501966e-002	-1.500000e+000	-3.000000e+000	-3.500000e+000	-6.000000e+000	9.999804e-001
2.001771333492716e-002	-1.500000e+000	-3.000000e+000	-3.500000e+000	-6.000000e+000	9.999805e-001
2.002124516483466e-002	-1.500000e+000	-3.000000e+000	-3.500000e+000	-6.000000e+000	9.999800e-001
2.002477699474215e-002	-1.500000e+000	-3.000000e+000	-3.500000e+000	-6.000000e+000	9.999791e-001
2.492187500100000e-002	-1.500000e+000	-3.000000e+000	-3.500000e+000	-6.000000e+000	9.999791e-001
2.500000000100000e-002	-1.500000e+000	-3.000000e+000	-3.500000e+000	-6.000000e+000	9.999791e-001
2.500000000110000e-002	-1.400001e+000	-3.000000e+000	-3.500000e+000	-6.000000e+000	9.999791e-001
2.500000000130000e-002	-1.200001e+000	-3.000000e+000	-3.500000e+000	-6.000000e+000	9.999792e-001
2.500000000160250e-002	-8.975037e-001	-3.000000e+000	-3.500000e+000	-6.000000e+000	9.999793e-001
2.500000000193495e-002	-5.650543e-001	-3.000000e+000	-3.500000e+000	-6.000000e+000	9.999793e-001
2.500000000200000e-002	-5.000021e-001	-3.000000e+000	-3.500000e+000	-6.000000e+000	9.999793e-001
2.500000000201497e-002	-5.000000e-001	-3.000000e+000	-3.500000e+000	-6.000000e+000	9.999793e-001
2.500000000204490e-002	-5.000000e-001	-3.000000e+000	-3.500000e+000	-6.000000e+000	9.999793e-001
2.500000000210477e-002	-5.000000e-001	-3.000000e+000	-3.500000e+000	-6.000000e+000	9.999793e-001
2.500000000222452e-002	-5.000000e-001	-3.000000e+000	-3.500000e+000	-6.000000e+000	9.999793e-001
2.500000000236544e-002	-5.000000e-001	-3.000000e+000	-3.500000e+000	-6.000000e+000	9.999793e-001
2.500000000264728e-002	-5.000000e-001	-3.000000e+000	-3.500000e+000	-6.000000e+000	9.999793e-001
2.500000000321098e-002	-5.000000e-001	-3.000000e+000	-3.500000e+000	-6.000000e+000	9.999793e-001
2.500000000433835e-002	-5.000000e-001	-3.000000e+000	-3.500000e+000	-6.000000e+000	9.999793e-001
2.500000000659311e-002	-5.000000e-001	-3.000000e+000	-3.500000e+000	-6.000000e+000	9.999791e-001
2.500000001110263e-002	-5.000000e-001	-3.000000e+000	-3.500000e+000	-6.000000e+000	9.999790e-001
2.500000002012167e-002	-5.000000e-001	-3.000000e+000	-3.500000e+000	-6.000000e+000	9.999786e-001
2.500000003815974e-002	-5.000000e-001	-3.000000e+000	-3.500000e+000	-6.000000e+000	9.999779e-001
2.500000006065638e-002	-5.000000e-001	-3.000000e+000	-3.500000e+000	-6.000000e+000	9.999772e-001
2.500000008472740e-002	-5.000000e-001	-3.000000e+000	-3.500000e+000	-6.000000e+000	9.999769e-001
2.500000010622824e-002	-5.000000e-001	-3.000000e+000	-3.500000e+000	-6.000000e+000	9.999769e-001
2.500000013134666e-002	-5.000000e-001	-3.000000e+000	-3.500000e+000	-6.000000e+000	9.999769e-001
2.500000017002827e-002	-5.000000e-001	-3.000000e+000	-3.500000e+000	-6.000000e+000	9.999769e-001
2.500000024739148e-002	-5.000000e-001	-3.000000e+000	-3.500000e+000	-6.000000e+000	9.999769e-001
2.500000040211791e-002	-5.000000e-001	-3.000000e+000	-3.500000e+000	-6.000000e+000	9.999769e-001
2.500000071157077e-002	-5.000000e-001	-3.000000e+000	-3.500000e+000	-6.000000e+000	9.999769e-001
2.500000131766546e-002	-5.000000e-001	-3.000000e+000	-3.500000e+000	-6.000000e+000	9.999769e-001
2.500000231523779e-002	-5.000000e-001	-3.000000e+000	-3.500000e+000	-6.000000e+000	9.999769e-001
2.500000417468696e-002	-5.000000e-001	-3.000000e+000	-3.500000e+000	-6.000000e+000	9.999769e-001
2.500000753483459e-002	-5.000000e-001	-3.000000e+000	-3.500000e+000	-6.000000e+000	9.999770e-001
2.500001425512985e-002	-5.000000e-001	-3.000000e+000	-3.500000e+000	-6.000000e+000	9.999771e-001
2.500002769572038e-002	-5.000000e-001	-3.000000e+000	-3.500000e+000	-6.000000e+000	9.999773e-001
2.500005457690144e-002	-5.000000e-001	-3.000000e+000	-3.500000e+000	-6.000000e+000	9.999776e-001
2.500010833926356e-002	-5.000000e-001	-3.000000e+000	-3.500000e+000	-6.000000e+000	9.999783e-001
2.500021586398780e-002	-5.000000e-001	-3.000000e+000	-3.500000e+000	-6.000000e+000	9.999796e-001
2.500043091343628e-002	-5.000000e-001	-3.000000e+000	-3.500000e+000	-6.000000e+000	9.999814e-001
2.500086101233324e-002	-5.000000e-001	-3.000000e+000	-3.500000e+000	-6.000000e+000	9.999840e-001
2.500096853705748e-002	-5.000000e-001	-3.000000e+000	-3.500000e+000	-6.000000e+000	9.999844e-001
2.500118358650596e-002	-5.000000e-001	-3.000000e+000	-3.500000e+000	-6.000000e+000	9.999849e-001
2.500161368540292e-002	-5.000000e-001	-3.000000e+000	-3.500000e+000	-6.000000e+000	9.999855e-001
2.500935546554819e-002	-5.000000e-001	-3.000000e+000	-3.500000e+000	-6.000000e+000	9.999860e-001
2.501709724569346e-002	-5.000000e-001	-3.000000e+000	-3.500000e+000	-6.000000e+000	9.999864e-001
2.502483902583873e-002	-5.000000e-001	-3.000000e+000	-3.500000e+000	-6.000000e+000	9.999866e-001
2.503258080598399e-002	-5.000000e-001	-3.000000e+000	-3.500000e+000	-6.000000e+000	9.999868e-001
2.504032258612926e-002	-5.000000e-001	-3.000000e+000	-3.500000e+000	-6.000000e+000	9.999867e-001
2.504806436627453e-002	-5.000000e-001	-3.000000e+000	-3.500000e+000	-6.000000e+000	9.999866e-001
2.505580614641980e-002	-5.000000e-001	-3.000000e+000	-3.500000e+000	-6.000000e+000	9.999864e-001
3.000000000000000e-002	-5.000000e-001	-3.000000e+000	-3.500000e+000	-6.000000e+000	9.999864e-001
3.000000000010000e-002	-5.999998e-001	-3.000000e+000	-3.500000e+000	-6.000000e+000	9.999864e-001
3.000000000030000e-002	-7.999996e-001	-3.000000e+000	-3.500000e+000	-6.000000e+000	9.999863e-001
3.000000000070000e-002	-1.199999e+000	-3.000000e+000	-3.500000e+000	-6.000000e+000	9.999862e-001
3.000000000100000e-002	-1.499999e+000	-3.000000e+000	-3.500000e+000	-6.000000e+000	9.999861e-001
3.000000000103124e-002	-1.500000e+000	-2.968765e+000	-3.500000e+000	-6.000000e+000	9.999861e-001
3.000000000109371e-002	-1.500000e+000	-2.906287e+000	-3.500000e+000	-6.000000e+000	9.999862e-001
3.000000000121867e-002	-1.500000e+000	-2.781331e+000	-3.500000e+000	-6.000000e+000	9.999862e-001
3.000000000140458e-002	-1.500000e+000	-2.595424e+000	-3.500000e+000	-6.000000e+000	9.999864e-001
3.000000000162234e-002	-1.500000e+000	-2.377665e+000	-3.500000e+000	-6.000000e+000	9.999865e-001
3.000000000200000e-002	-1.500000e+000	-2.000000e+000	-3.500000e+000	-6.000000e+000	9.999868e-001
3.000000000204356e-002	-1.500000e+000	-2.000000e+000	-3.500000e+000	-6.000000e+000	9.999868e-001
3.000000000213066e-002	-1.500000e+000	-2.000000e+000	-3.500000e+000	-6.000000e+000	9.999869e-001
3.000000000230487e-002	-1.500000e+000	-2.000000e+000	-3.500000e+000	-6.000000e+000	9.999868e-001
3.000000000256139e-002	-1.500000e+000	-2.000000e+000	-3.500000e+000	-6.000000e+000	9.999868e-001
3.000000000297943e-002	-1.500000e+000	-2.000000e+000	-3.500000e+000	-6.000000e+000	9.999868e-001
3.000000000381552e-002	-1.500000e+000	-2.000000e+000	-3.500000e+000	-6.000000e+000	9.999868e-001
3.000000000548769e-002	-1.500000e+000	-2.000000e+000	-3.500000e+000	-6.000000e+000	9.999868e-001
3.000000000883203e-002	-1.500000e+000	-2.000000e+000	-3.500000e+000	-6.000000e+000	9.999868e-001
3.000000001552071e-002	-1.500000e+000	-2.000000e+000	-3.500000e+000	-6.000000e+000	9.999866e-001
3.000000002447541e-002	-1.500000e+000	-2.000000e+000	-3.500000e+000	-6.000000e+000	9.999865e-001
3.000000003472871e-002	-1.500000e+000	-2.000000e+000	-3.500000e+000	-6.000000e+000	9.999865e-001
3.000000004543627e-002	-1.500000e+000	-2.000000e+000	-3.500000e+000	-6.000000e+000	9.999864e-001
3.000000006685139e-002	-1.500000e+000	-2.000000e+000	-3.500000e+000	-6.000000e+000	9.999864e-001
3.000000010013417e-002	-1.500000e+000	-2.000000e+000	-3.500000e+000	-6.000000e+000	9.999864e-001
3.000000015732176e-002	-1.500000e+000	-2.000000e+000	-3.500000e+000	-6.000000e+000	9.999864e-001
3.000000025745452e-002	-1.500000e+000	-2.000000e+000	-3.500000e+000	-6.000000e+000	9.999864e-001
3.000000045772002e-002	-1.500000e+000	-2.000000e+000	-3.500000e+000	-6.000000e+000	9.999864e-001
3.000000085825105e-002	-1.500000e+000	-2.000000e+000	-3.500000e+000	-6.000000e+000	9.999864e-001
3.000000165931309e-002	-1.500000e+000	-2.000000e+000	-3.500000e+000	-6.000000e+000	9.999864e-001
3.000000326143717e-002	-1.500000e+000	-2.000000e+000	-3.500000e+000	-6.000000e+000	9.999864e-001
3.000000646568534e-002	-1.500000e+000	-2.000000e+000	-3.500000e+000	-6.000000e+000	9.999864e-001
3.000006414215237e-002	-1.500000e+000	-2.000000e+000	-3.500000e+000	-6.000000e+000	9.999864e-001
3.000012181861941e-002	-1.500000e+000	-2.000000e+000	-3.500000e+000	-6.000000e+000	9.999864e-001
3.000017949508644e-002	-1.500000e+000	-2.000000e+000	-3.500000e+000	-6.000000e+000	9.999864e-001
3.000023717155347e-002	-1.500000e+000	-2.000000e+000	-3.500000e+000	-6.000000e+000	9.999864e-001
3.000029484802051e-002	-1.500000e+000	-2.000000e+000	-3.500000e+000	-6.000000e+000	9.999864e-001
3.000035252448754e-002	-1.500000e+000	-2.000000e+000	-3.500000e+000	-6.000000e+000	9.999864e-001
3.000041020095457e-002	-1.500000e+000	-2.000000e+000	-3.500000e+000	-6.000000e+000	9.999864e-001
3.492187500100000e-002	-1.500000e+000	-2.000000e+000	-3.500000e+000	-6.000000e+000	9.999864e-001
3.500000000100000e-002	-1.499997e+000	-2.000000e+000	-3.500000e+000	-6.000000e+000	9.999864e-001
3.500000000110000e-002	-1.400001e+000	-2.000000e+000	-3.500000e+000	-6.000000e+000	9.999864e-001
3.500000000130000e-002	-1.200001e+000	-2.000000e+000	-3.500000e+000	-6.000000e+000	9.999864e-001
3.500000000161455e-002	-8.854542e-001	-2.000000e+000	-3.500000e+000	-6.000000e+000	9.999865e-001
3.500000000195479e-002	-5.452125e-001	-2.000000e+000	-3.500000e+000	-6.000000e+000	9.999866e-001
3.500000000200000e-002	-5.000000e-001	-2.000000e+000	-3.500000e+000	-6.000000e+000	9.999866e-001
3.500000000201275e-002	-5.000000e-001	-2.000000e+000	-3.500000e+000	-6.000000e+000	9.999866e-001
3.500000000203826e-002	-5.000000e-001	-2.000000e+000	-3.500000e+000	-6.000000e+000	9.999866e-001
3.500000000208926e-002	-5.000000e-001	-2.000000e+000	-3.500000e+000	-6.000000e+000	9.999866e-001
3.500000000219127e-002	-5.000000e-001	-2.000000e+000	-3.500000e+000	-6.000000e+000	9.999866e-001
3.500000000231545e-002	-5.000000e-001	-2.000000e+000	-3.500000e+000	-6.000000e+000	9.999866e-001
3.500000000256380e-002	-5.000000e-001	-2.000000e+000	-3.500000e+000	-6.000000e+000	9.999866e-001
3.500000000306051e-002	-5.000000e-001	-2.000000e+000	-3.500000e+000	-6.000000e+000	9.999866e-001
3.500000000405391e-002	-5.000000e-001	-2.000000e+000	-3.500000e+000	-6.000000e+000	9.999865e-001
3.500000000604073e-002	-5.000000e-001	-2.000000e+000	-3.500000e+000	-6.000000e+000	9.999865e-001
3.500000001001437e-002	-5.000000e-001	-2.000000e+000	-3.500000e+000	-6.000000e+000	9.999864e-001
3.500000001796164e-002	-5.000000e-001	-2.000000e+000	-3.500000e+000	-6.000000e+000	9.999864e-001
3.500000003353844e-002	-5.000000e-001	-2.000000e+000	-3.500000e+000	-6.000000e+000	9.999864e-001
3.500000005215418e-002	-5.000000e-001	-2.000000e+000	-3.500000e+000	-6.000000e+000	9.999864e-001
3.500000008746208e-002	-5.000000e-001	-2.000000e+000	-3.500000e+000	-6.000000e+000	9.999864e-001
3.500000015807787e-002	-5.000000e-001	-2.000000e+000	-3.500000e+000	-6.000000e+000	9.999864e-001
3.500000029930946e-002	-5.000000e-001	-2.000000e+000	-3.500000e+000	-6.000000e+000	9.999864e-001
3.500000054835315e-002	-5.000000e-001	-2.000000e+000	-3.500000e+000	-6.000000e+000	9.999864e-001
3.500000100180872e-002	-5.000000e-001	-2.000000e+000	-3.500000e+000	-6.000000e+000	9.999864e-001
3.500000179636975e-002	-5.000000e-001	-2.000000e+000	-3.500000e+000	-6.000000e+000	9.999864e-001
3.500000334739160e-002	-5.000000e-001	-2.000000e+000	-3.500000e+000	-6.000000e+000	9.999864e-001
3.500000605741099e-002	-5.000000e-001	-2.000000e+000	-3.500000e+000	-6.000000e+000	9.999864e-001
3.500001147744977e-002	-5.000000e-001	-2.000000e+000	-3.500000e+000	-6.000000e+000	9.999864e-001
3.500002150672039e-002	-5.000000e-001	-2.000000e+000	-3.500000e+000	-6.000000e+000	9.999864e-001
3.500004156526165e-002	-5.000000e-001	-2.000000e+000	-3.500000e+000	-6.000000e+000	9.999864e-001
3.500008168234416e-002	-5.000000e-001	-2.000000e+000	-3.500000e+000	-6.000000e+000	9.999864e-001
3.500016191650918e-002	-5.000000e-001	-2.000000e+000	-3.500000e+000	-6.000000e+000	9.999864e-001
3.500032238483923e-002	-5.000000e-001	-2.000000e+000	-3.500000e+000	-6.000000e+000	9.999864e-001
3.992591123316166e-002	-5.000000e-001	-2.000000e+000	-3.500000e+000	-6.000000e+000	9.999864e-001
4.000000000000000e-002	-5.000000e-001	-2.000000e+000	-3.500000e+000	-6.000000e+000	9.999864e-001
4.000000000010000e-002	-5.999964e-001	-2.099996e+000	-3.599996e+000	-6.000000e+000	9.999862e-001
4.000000000030000e-002	-7.999961e-001	-2.299996e+000	-3.799996e+000	-6.000000e+000	9.999860e-001
4.000000000070000e-002	-1.199996e+000	-2.699996e+000	-4.199996e+000	-6.000000e+000	9.999856e-001
4.000000000100000e-002	-1.499999e+000	-2.999999e+000	-4.499999e+000	-6.000000e+000	9.999852e-001
4.000000000105192e-002	-1.500000e+000	-3.000000e+000	-4.500000e+000	-5.948083e+000	9.999852e-001
4.000000000115574e-002	-1.500000e+000	-3.000000e+000	-4.500000e+000	-5.844257e+000	9.999853e-001
4.000000000136340e-002	-1.500000e+000	-3.000000e+000	-4.500000e+000	-5.636603e+000	9.999854e-001
4.000000000158877e-002	-1.500000e+000	-3.000000e+000	-4.500000e+000	-5.411235e+000	9.999855e-001
4.000000000195263e-002	-1.500000e+000	-3.000000e+000	-4.500000e+000	-5.047373e+000	9.999858e-001
4.000000000200000e-002	-1.500000e+000	-3.000000e+000	-4.500000e+000	-5.000000e+000	9.999858e-001
4.000000000201570e-002	-1.500000e+000	-3.000000e+000	-4.500000e+000	-5.000000e+000	9.999858e-001
4.000000000204711e-002	-1.500000e+000	-3.000000e+000	-4.500000e+000	-5.000000e+000	9.999858e-001
4.000000000210994e-002	-1.500000e+000	-3.000000e+000	-4.500000e+000	-5.000000e+000	9.999858e-001
4.000000000223558e-002	-1.500000e+000	-3.000000e+000	-4.500000e+000	-5.000000e+000	9.999858e-001
4.000000000240163e-002	-1.500000e+000	-3.000000e+000	-4.500000e+000	-5.000000e+000	9.999858e-001
4.000000000273372e-002	-1.500000e+000	-3.000000e+000	-4.500000e+000	-5.000000e+000	9.999858e-001
4.000000000339790e-002	-1.500000e+000	-3.000000e+000	-4.500000e+000	-5.000000e+000	9.999858e-001
4.000000000472626e-002	-1.500000e+000	-3.000000e+000	-4.500000e+000	-5.000000e+000	9.999859e-001
4.000000000738298e-002	-1.500000e+000	-3.000000e+000	-4.500000e+000	-5.000000e+000	9.999861e-001
4.000000001269644e-002	-1.500000e+000	-3.000000e+000	-4.500000e+000	-5.000000e+000	9.999864e-001
4.000000002127593e-002	-1.500000e+000	-3.000000e+000	-4.500000e+000	-5.000000e+000	9.999869e-001
4.000000002950174e-002	-1.500000e+000	-3.000000e+000	-4.500000e+000	-5.000000e+000	9.999874e-001
4.000000003996872e-002	-1.500000e+000	-3.000000e+000	-4.500000e+000	-5.000000e+000	9.999878e-001
4.000000005535996e-002	-1.500000e+000	-3.000000e+000	-4.500000e+000	-5.000000e+000	9.999878e-001
4.000000007541168e-002	-1.500000e+000	-3.000000e+000	-4.500000e+000	-5.000000e+000	9.999877e-001
4.000000009373868e-002	-1.500000e+000	-3.000000e+000	-4.500000e+000	-5.000000e+000	9.999875e-001
4.000000011899413e-002	-1.500000e+000	-3.000000e+000	-4.500000e+000	-5.000000e+000	9.999875e-001
4.000000015077804e-002	-1.500000e+000	-3.000000e+000	-4.500000e+000	-5.000000e+000	9.999874e-001
4.000000021434588e-002	-1.500000e+000	-3.000000e+000	-4.500000e+000	-5.000000e+000	9.999874e-001
4.000000034148154e-002	-1.500000e+000	-3.000000e+000	-4.500000e+000	-5.000000e+000	9.999872e-001
4.000000059575287e-002	-1.500000e+000	-3.000000e+000	-4.500000e+000	-5.000000e+000	9.999872e-001
4.000000103806425e-002	-1.500000e+000	-3.000000e+000	-4.500000e+000	-5.000000e+000	9.999871e-001
4.000000188150799e-002	-1.500000e+000	-3.000000e+000	-4.500000e+000	-5.000000e+000	9.999871e-001
4.000000345843939e-002	-1.500000e+000	-3.000000e+000	-4.500000e+000	-5.000000e+000	9.999870e-001
4.000000657029309e-002	-1.500000e+000	-3.000000e+000	-4.500000e+000	-5.000000e+000	9.999869e-001
4.000001237967890e-002	-1.500000e+000	-3.000000e+000	-4.500000e+000	-5.000000e+000	9.999869e-001
4.000002399845053e-002	-1.500000e+000	-3.000000e+000	-4.500000e+000	-5.000000e+000	9.999868e-001
4.000004723599380e-002	-1.500000e+000	-3.000000e+000	-4.500000e+000	-5.000000e+000	9.999866e-001
4.000089042684936e-002	-1.500000e+000	-3.000000e+000	-4.500000e+000	-5.000000e+000	9.999839e-001
4.000173361770492e-002	-1.500000e+000	-3.000000e+000	-4.500000e+000	-5.000000e+000	9.999818e-001
4.000257680856048e-002	-1.500000e+000	-3.000000e+000	-4.500000e+000	-5.000000e+000	9.999802e-001
4.000341999941605e-002	-1.500000e+000	-3.000000e+000	-4.500000e+000	-5.000000e+000	9.999792e-001
4.000426319027161e-002	-1.500000e+000	-3.000000e+000	-4.500000e+000	-5.000000e+000	9.999787e-001
4.000510638112717e-002	-1.500000e+000	-3.000000e+000	-4.500000e+000	-5.000000e+000	9.999787e-001
4.000594957198273e-002	-1.500000e+000	-3.000000e+000	-4.500000e+000	-5.000000e+000	9.999793e-001
4.492187500100000e-002	-1.500000e+000	-3.000000e+000	-4.500000e+000	-5.000000e+000	9.999791e-001
4.500000000100000e-002	-1.499997e+000	-3.000000e+000	-4.500000e+000	-5.000000e+000	9.999791e-001
4.500000000110001e-002	-1.399994e+000	-3.000000e+000	-4.500000e+000	-5.000000e+000	9.999791e-001
4.500000000130001e-002	-1.199994e+000	-3.000000e+000	-4.500000e+000	-5.000000e+000	9.999792e-001
4.500000000160234e-002	-8.976667e-001	-3.000000e+000	-4.500000e+000	-5.000000e+000	9.999793e-001
4.500000000193464e-002	-5.653631e-001	-3.000000e+000	-4.500000e+000	-5.000000e+000	9.999793e-001
4.500000000200000e-002	-5.000000e-001	-3.000000e+000	-4.500000e+000	-5.000000e+000	9.999793e-001
4.500000000201502e-002	-5.000000e-001	-3.000000e+000	-4.500000e+000	-5.000000e+000	9.999793e-001
4.500000000204504e-002	-5.000000e-001	-3.000000e+000	-4.500000e+000	-5.000000e+000	9.999793e-001
4.500000000210509e-002	-5.000000e-001	-3.000000e+000	-4.500000e+000	-5.000000e+000	9.999793e-001
4.500000000222520e-002	-5.000000e-001	-3.000000e+000	-4.500000e+000	-5.000000e+000	9.999793e-001
4.500000000236639e-002	-5.000000e-001	-3.000000e+000	-4.500000e+000	-5.000000e+000	9.999793e-001
4.500000000264878e-002	-5.000000e-001	-3.000000e+000	-4.500000e+000	-5.000000e+000	9.999793e-001
4.500000000321357e-002	-5.000000e-001	-3.000000e+000	-4.500000e+000	-5.000000e+000	9.999793e-001
4.500000000434313e-002	-5.000000e-001	-3.000000e+000	-4.500000e+000	-5.000000e+000	9.999793e-001
4.500000000660226e-002	-5.000000e-001	-3.000000e+000	-4.500000e+000	-5.000000e+000	9.999791e-001
4.500000001112051e-002	-5.000000e-001	-3.000000e+000	-4.500000e+000	-5.000000e+000	9.999790e-001
4.500000002015703e-002	-5.000000e-001	-3.000000e+000	-4.500000e+000	-5.000000e+000	9.999786e-001
4.500000003823006e-002	-5.000000e-001	-3.000000e+000	-4.500000e+000	-5.000000e+000	9.999779e-001
4.500000006069408e-002	-5.000000e-001	-3.000000e+000	-4.500000e+000	-5.000000e+000	9.999772e-001
4.500000008470855e-002	-5.000000e-001	-3.000000e+000	-4.500000e+000	-5.000000e+000	9.999769e-001
4.500000010620124e-002	-5.000000e-001	-3.000000e+000	-4.500000e+000	-5.000000e+000	9.999769e-001
4.500000013131037e-002	-5.000000e-001	-3.000000e+000	-4.500000e+000	-5.000000e+000	9.999769e-001
4.500000017004553e-002	-5.000000e-001	-3.000000e+000	-4.500000e+000	-5.000000e+000	9.999769e-001
4.500000024751583e-002	-5.000000e-001	-3.000000e+000	-4.500000e+000	-5.000000e+000	9.999769e-001
4.500000040245644e-002	-5.000000e-001	-3.000000e+000	-4.500000e+000	-5.000000e+000	9.999769e-001
4.500000071233767e-002	-5.000000e-001	-3.000000e+000	-4.500000e+000	-5.000000e+000	9.999769e-001
4.500000131822732e-002	-5.000000e-001	-3.000000e+000	-4.500000e+000	-5.000000e+000	9.999769e-001
4.500000231696247e-002	-5.000000e-001	-3.000000e+000	-4.500000e+000	-5.000000e+000	9.999769e-001
4.500000417661357e-002	-5.000000e-001	-3.000000e+000	-4.500000e+000	-5.000000e+000	9.999769e-001
4.500000754147925e-002	-5.000000e-001	-3.000000e+000	-4.500000e+000	-5.000000e+000	9.999770e-001
4.500001427121061e-002	-5.000000e-001	-3.000000e+000	-4.500000e+000	-5.000000e+000	9.999771e-001
4.500002773067331e-002	-5.000000e-001	-3.000000e+000	-4.500000e+000	-5.000000e+000	9.999773e-001
4.500005464959873e-002	-5.000000e-001	-3.000000e+000	-4.500000e+000	-5.000000e+000	9.999776e-001
4.500010848744956e-002	-5.000000e-001	-3.000000e+000	-4.500000e+000	-5.000000e+000	9.999783e-001
4.500021616315121e-002	-5.000000e-001	-3.000000e+000	-4.500000e+000	-5.000000e+000	9.999796e-001
4.500043151455452e-002	-5.000000e-001	-3.000000e+000	-4.500000e+000	-5.000000e+000	9.999814e-001
4.500086221736115e-002	-5.000000e-001	-3.000000e+000	-4.500000e+000	-5.000000e+000	9.999840e-001
4.500096989306281e-002	-5.000000e-001	-3.000000e+000	-4.500000e+000	-5.000000e+000	9.999844e-001
4.500118524446612e-002	-5.000000e-001	-3.000000e+000	-4.500000e+000	-5.000000e+000	9.999849e-001
4.500161594727275e-002	-5.000000e-001	-3.000000e+000	-4.500000e+000	-5.000000e+000	9.999855e-001
4.500936859779205e-002	-5.000000e-001	-3.000000e+000	-4.500000e+000	-5.000000e+000	9.999860e-001
4.501712124831135e-002	-5.000000e-001	-3.000000e+000	-4.500000e+000	-5.000000e+000	9.999864e-001
4.502487389883065e-002	-5.000000e-001	-3.000000e+000	-4.500000e+000	-5.000000e+000	9.999866e-001
4.503262654934995e-002	-5.000000e-001	-3.000000e+000	-4.500000e+000	-5.000000e+000	9.999868e-001
4.504037919986925e-002	-5.000000e-001	-3.000000e+000	-4.500000e+000	-5.000000e+000	9.999867e-001
4.504813185038855e-002	-5.000000e-001	-3.000000e+000	-4.500000e+000	-5.000000e+000	9.999866e-001
4.505588450090785e-002	-5.000000e-001	-3.000000e+000	-4.500000e+000	-5.000000e+000	9.999864e-001
5.000000000000000e-002	-5.000000e-001	-3.000000e+000	-4.500000e+000	-5.000000e+000	9.999864e-001
5.000000000010001e-002	-6.000034e-001	-3.000000e+000	-4.500000e+000	-5.000000e+000	9.999864e-001
5.000000000030001e-002	-8.000031e-001	-3.000000e+000	-4.500000e+000	-5.000000e+000	9.999863e-001
5.000000000070001e-002	-1.200003e+000	-3.000000e+000	-4.500000e+000	-5.000000e+000	9.999862e-001
5.000000000100000e-002	-1.499999e+000	-3.000000e+000	-4.500000e+000	-5.000000e+000	9.999861e-001
5.000000000103124e-002	-1.500000e+000	-2.968761e+000	-4.500000e+000	-5.000000e+000	9.999861e-001
5.000000000109372e-002	-1.500000e+000	-2.906283e+000	-4.500000e+000	-5.000000e+000	9.999862e-001
5.000000000121867e-002	-1.500000e+000	-2.781328e+000	-4.500000e+000	-5.000000e+000	9.999862e-001
5.000000000140458e-002	-1.500000e+000	-2.595421e+000	-4.500000e+000	-5.000000e+000	9.999864e-001
5.000000000162234e-002	-1.500000e+000	-2.377665e+000	-4.500000e+000	-5.000000e+000	9.999865e-001
5.000000000200000e-002	-1.500000e+000	-2.000001e+000	-4.500000e+000	-5.000000e+000	9.999868e-001
5.000000000204355e-002	-1.500000e+000	-2.000000e+000	-4.500000e+000	-5.000000e+000	9.999868e-001
5.000000000213065e-002	-1.500000e+000	-2.000000e+000	-4.500000e+000	-5.000000e+000	9.999869e-001
5.000000000230486e-002	-1.500000e+000	-2.000000e+000	-4.500000e+000	-5.000000e+000	9.999868e-001
5.000000000256137e-002	-1.500000e+000	-2.000000e+000	-4.500000e+000	-5.000000e+000	9.999868e-001
5.000000000297940e-002	-1.500000e+000	-2.000000e+000	-4.500000e+000	-5.000000e+000	9.999868e-001
5.000000000381545e-002	-1.500000e+000	-2.000000e+000	-4.500000e+000	-5.000000e+000	9.999868e-001
5.000000000548756e-002	-1.500000e+000	-2.000000e+000	-4.500000e+000	-5.000000e+000	9.999868e-001
5.000000000883177e-002	-1.500000e+000	-2.000000e+000	-4.500000e+000	-5.000000e+000	9.999868e-001
5.000000001552020e-002	-1.500000e+000	-2.000000e+000	-4.500000e+000	-5.000000e+000	9.999866e-001
5.000000002447529e-002	-1.500000e+000	-2.000000e+000	-4.500000e+000	-5.000000e+000	9.999865e-001
5.000000003472863e-002	-1.500000e+000	-2.000000e+000	-4.500000e+000	-5.000000e+000	9.999865e-001
5.000000004543608e-002	-1.500000e+000	-2.000000e+000	-4.500000e+000	-5.000000e+000	9.999864e-001
5.000000006685099e-002	-1.500000e+000	-2.000000e+000	-4.500000e+000	-5.000000e+000	9.999864e-001
5.000000010013387e-002	-1.500000e+000	-2.000000e+000	-4.500000e+000	-5.000000e+000	9.999864e-001
5.000000015732017e-002	-1.500000e+000	-2.000000e+000	-4.500000e+000	-5.000000e+000	9.999864e-001
5.000000025745061e-002	-1.500000e+000	-2.000000e+000	-4.500000e+000	-5.000000e+000	9.999864e-001
5.000000045771149e-002	-1.500000e+000	-2.000000e+000	-4.500000e+000	-5.000000e+000	9.999864e-001
5.000000085823325e-002	-1.500000e+000	-2.000000e+000	-4.500000e+000	-5.000000e+000	9.999864e-001
5.000000165927677e-002	-1.500000e+000	-2.000000e+000	-4.500000e+000	-5.000000e+000	9.999864e-001
5.000000326136381e-002	-1.500000e+000	-2.000000e+000	-4.500000e+000	-5.000000e+000	9.999864e-001
5.000000646553789e-002	-1.500000e+000	-2.000000e+000	-4.500000e+000	-5.000000e+000	9.999864e-001
5.000006414067131e-002	-1.500000e+000	-2.000000e+000	-4.500000e+000	-5.000000e+000	9.999864e-001
5.000012181580472e-002	-1.500000e+000	-2.000000e+000	-4.500000e+000	-5.000000e+000	9.999864e-001
5.000017949093814e-002	-1.500000e+000	-2.000000e+000	-4.500000e+000	-5.000000e+000	9.999864e-001
5.000023716607156e-002	-1.500000e+000	-2.000000e+000	-4.500000e+000	-5.000000e+000	9.999864e-001
5.000029484120498e-002	-1.500000e+000	-2.000000e+000	-4.500000e+000	-5.000000e+000	9.999864e-001
5.000035251633840e-002	-1.500000e+000	-2.000000e+000	-4.500000e+000	-5.000000e+000	9.999864e-001
5.000041019147182e-002	-1.500000e+000	-2.000000e+000	-4.500000e+000	-5.000000e+000	9.999864e-001
5.492187500100000e-002	-1.500000e+000	-2.000000e+000	-4.500000e+000	-5.000000e+000	9.999864e-001
5.500000000100001e-002	-1.499997e+000	-2.000000e+000	-4.500000e+000	-5.000000e+000	9.999864e-001
5.500000000110000e-002	-1.400001e+000	-2.000000e+000	-4.500000e+000	-5.000000e+000	9.999864e-001
5.500000000130000e-002	-1.200001e+000	-2.000000e+000	-4.500000e+000	-5.000000e+000	9.999864e-001
5.500000000161430e-002	-8.857040e-001	-2.000000e+000	-4.500000e+000	-5.000000e+000	9.999865e-001
5.500000000195434e-002	-5.456635e-001	-2.000000e+000	-4.500000e+000	-5.000000e+000	9.999866e-001
5.500000000200001e-002	-5.000000e-001	-2.000000e+000	-4.500000e+000	-5.000000e+000	9.999866e-001
5.500000000201281e-002	-5.000000e-001	-2.000000e+000	-4.500000e+000	-5.000000e+000	9.999866e-001
5.500000000203843e-002	-5.000000e-001	-2.000000e+000	-4.500000e+000	-5.000000e+000	9.999866e-001
5.500000000208967e-002	-5.000000e-001	-2.000000e+000	-4.500000e+000	-5.000000e+000	9.999866e-001
5.500000000219214e-002	-5.000000e-001	-2.000000e+000	-4.500000e+000	-5.000000e+000	9.999866e-001
5.500000000231663e-002	-5.000000e-001	-2.000000e+000	-4.500000e+000	-5.000000e+000	9.999866e-001
5.500000000256560e-002	-5.000000e-001	-2.000000e+000	-4.500000e+000	-5.000000e+000	9.999866e-001
5.500000000306355e-002	-5.000000e-001	-2.000000e+000	-4.500000e+000	-5.000000e+000	9.999866e-001
5.500000000405945e-002	-5.000000e-001	-2.000000e+000	-4.500000e+000	-5.000000e+000	9.999865e-001
5.500000000605124e-002	-5.000000e-001	-2.000000e+000	-4.500000e+000	-5.000000e+000	9.999865e-001
5.500000001003483e-002	-5.000000e-001	-2.000000e+000	-4.500000e+000	-5.000000e+000	9.999864e-001
5.500000001800200e-002	-5.000000e-001	-2.000000e+000	-4.500000e+000	-5.000000e+000	9.999864e-001
5.500000003357919e-002	-5.000000e-001	-2.000000e+000	-4.500000e+000	-5.000000e+000	9.999864e-001
5.500000005223209e-002	-5.000000e-001	-2.000000e+000	-4.500000e+000	-5.000000e+000	9.999864e-001
5.500000008759878e-002	-5.000000e-001	-2.000000e+000	-4.500000e+000	-5.000000e+000	9.999864e-001
5.500000015833217e-002	-5.000000e-001	-2.000000e+000	-4.500000e+000	-5.000000e+000	9.999864e-001
5.500000029979896e-002	-5.000000e-001	-2.000000e+000	-4.500000e+000	-5.000000e+000	9.999864e-001
5.500000054927840e-002	-5.000000e-001	-2.000000e+000	-4.500000e+000	-5.000000e+000	9.999864e-001
5.500000100350236e-002	-5.000000e-001	-2.000000e+000	-4.500000e+000	-5.000000e+000	9.999864e-001
5.500000179942011e-002	-5.000000e-001	-2.000000e+000	-4.500000e+000	-5.000000e+000	9.999864e-001
5.500000335322557e-002	-5.000000e-001	-2.000000e+000	-4.500000e+000	-5.000000e+000	9.999864e-001
5.500000606781764e-002	-5.000000e-001	-2.000000e+000	-4.500000e+000	-5.000000e+000	9.999864e-001
5.500001149700180e-002	-5.000000e-001	-2.000000e+000	-4.500000e+000	-5.000000e+000	9.999864e-001
5.500002158171090e-002	-5.000000e-001	-2.000000e+000	-4.500000e+000	-5.000000e+000	9.999864e-001
5.500004175112908e-002	-5.000000e-001	-2.000000e+000	-4.500000e+000	-5.000000e+000	9.999864e-001
5.500008208996546e-002	-5.000000e-001	-2.000000e+000	-4.500000e+000	-5.000000e+000	9.999864e-001
5.500016276763821e-002	-5.000000e-001	-2.000000e+000	-4.500000e+000	-5.000000e+000	9.999864e-001
5.500032412298371e-002	-5.000000e-001	-2.000000e+000	-4.500000e+000	-5.000000e+000	9.999864e-001
5.992636534918932e-002	-5.000000e-001	-2.000000e+000	-4.500000e+000	-5.000000e+000	9.999864e-001
6.000000000000000e-002	-5.000000e-001	-2.000000e+000	-4.500000e+000	-5.000000e+000	9.999864e-001
6.000000000010000e-002	-6.000034e-001	-2.100003e+000	-4.500000e+000	-5.000000e+000	9.999863e-001
6.000000000030000e-002	-8.000031e-001	-2.300003e+000	-4.500000e+000	-5.000000e+000	9.999861e-001
6.000000000070000e-002	-1.200003e+000	-2.700003e+000	-4.500000e+000	-5.000000e+000	9.999857e-001
6.000000000100000e-002	-1.499999e+000	-2.999999e+000	-4.500000e+000	-5.000000e+000	9.999854e-001
6.000000000104556e-002	-1.500000e+000	-3.000000e+000	-4.454436e+000	-5.000000e+000	9.999854e-001
6.000000000113669e-002	-1.500000e+000	-3.000000e+000	-4.363307e+000	-5.000000e+000	9.999855e-001
6.000000000131895e-002	-1.500000e+000	-3.000000e+000	-4.181050e+000	-5.000000e+000	9.999855e-001
6.000000000152364e-002	-1.500000e+000	-3.000000e+000	-3.976360e+000	-5.000000e+000	9.999855e-001
6.000000000183128e-002	-1.500000e+000	-3.000000e+000	-3.668724e+000	-5.000000e+000	9.999856e-001
6.000000000200000e-002	-1.500000e+000	-3.000000e+000	-3.500000e+000	-5.000000e+000	9.999856e-001
6.000000000203329e-002	-1.500000e+000	-3.000000e+000	-3.500000e+000	-5.000000e+000	9.999856e-001
6.000000000209987e-002	-1.500000e+000	-3.000000e+000	-3.500000e+000	-5.000000e+000	9.999856e-001
6.000000000223302e-002	-1.500000e+000	-3.000000e+000	-3.500000e+000	-5.000000e+000	9.999856e-001
6.000000000242465e-002	-1.500000e+000	-3.000000e+000	-3.500000e+000	-5.000000e+000	9.999856e-001
6.000000000268271e-002	-1.500000e+000	-3.000000e+000	-3.500000e+000	-5.000000e+000	9.999856e-001
6.000000000319883e-002	-1.500000e+000	-3.000000e+000	-3.500000e+000	-5.000000e+000	9.999856e-001
6.000000000423107e-002	-1.500000e+000	-3.000000e+000	-3.500000e+000	-5.000000e+000	9.999856e-001
6.000000000629555e-002	-1.500000e+000	-3.000000e+000	-3.500000e+000	-5.000000e+000	9.999858e-001
6.000000001042452e-002	-1.500000e+000	-3.000000e+000	-3.500000e+000	-5.000000e+000	9.999861e-001
6.000000001868245e-002	-1.500000e+000	-3.000000e+000	-3.500000e+000	-5.000000e+000	9.999866e-001
6.000000002638185e-002	-1.500000e+000	-3.000000e+000	-3.500000e+000	-5.000000e+000	9.999872e-001
6.000000003798847e-002	-1.500000e+000	-3.000000e+000	-3.500000e+000	-5.000000e+000	9.999877e-001
6.000000005239167e-002	-1.500000e+000	-3.000000e+000	-3.500000e+000	-5.000000e+000	9.999878e-001
6.000000006819704e-002	-1.500000e+000	-3.000000e+000	-3.500000e+000	-5.000000e+000	9.999877e-001
6.000000008748298e-002	-1.500000e+000	-3.000000e+000	-3.500000e+000	-5.000000e+000	9.999875e-001
6.000000011132466e-002	-1.500000e+000	-3.000000e+000	-3.500000e+000	-5.000000e+000	9.999875e-001
6.000000013970794e-002	-1.500000e+000	-3.000000e+000	-3.500000e+000	-5.000000e+000	9.999874e-001
6.000000019647449e-002	-1.500000e+000	-3.000000e+000	-3.500000e+000	-5.000000e+000	9.999874e-001
6.000000031000762e-002	-1.500000e+000	-3.000000e+000	-3.500000e+000	-5.000000e+000	9.999872e-001
6.000000053496251e-002	-1.500000e+000	-3.000000e+000	-3.500000e+000	-5.000000e+000	9.999872e-001
6.000000092212424e-002	-1.500000e+000	-3.000000e+000	-3.500000e+000	-5.000000e+000	9.999871e-001
6.000000166264242e-002	-1.500000e+000	-3.000000e+000	-3.500000e+000	-5.000000e+000	9.999871e-001
6.000000305277524e-002	-1.500000e+000	-3.000000e+000	-3.500000e+000	-5.000000e+000	9.999870e-001
6.000000561082564e-002	-1.500000e+000	-3.000000e+000	-3.500000e+000	-5.000000e+000	9.999869e-001
6.000001041365725e-002	-1.500000e+000	-3.000000e+000	-3.500000e+000	-5.000000e+000	9.999869e-001
6.000001956030449e-002	-1.500000e+000	-3.000000e+000	-3.500000e+000	-5.000000e+000	9.999868e-001
6.000003785359898e-002	-1.500000e+000	-3.000000e+000	-3.500000e+000	-5.000000e+000	9.999866e-001
6.000007444018797e-002	-1.500000e+000	-3.000000e+000	-3.500000e+000	-5.000000e+000	9.999865e-001
6.000014761336594e-002	-1.500000e+000	-3.000000e+000	-3.500000e+000	-5.000000e+000	9.999861e-001
6.000029395972188e-002	-1.500000e+000	-3.000000e+000	-3.500000e+000	-5.000000e+000	9.999854e-001
6.000234280870502e-002	-1.500000e+000	-3.000000e+000	-3.500000e+000	-5.000000e+000	9.999808e-001
6.001873360057016e-002	-1.500000e+000	-3.000000e+000	-3.500000e+000	-5.000000e+000	9.999791e-001
6.496021539405285e-002	-1.500000e+000	-3.000000e+000	-3.500000e+000	-5.000000e+000	9.999791e-001
6.500000000099999e-002	-1.500000e+000	-3.000000e+000	-3.500000e+000	-5.000000e+000	9.999791e-001
6.500000000110000e-002	-1.400001e+000	-3.000000e+000	-3.500000e+000	-5.000000e+000	9.999791e-001
6.500000000130000e-002	-1.199994e+000	-3.000000e+000	-3.500000e+000	-5.000000e+000	9.999792e-001
6.500000000160246e-002	-8.975418e-001	-3.000000e+000	-3.500000e+000	-5.000000e+000	9.999793e-001
6.500000000193487e-002	-5.651271e-001	-3.000000e+000	-3.500000e+000	-5.000000e+000	9.999793e-001
6.500000000200000e-002	-5.000000e-001	-3.000000e+000	-3.500000e+000	-5.000000e+000	9.999793e-001
6.500000000201497e-002	-5.000000e-001	-3.000000e+000	-3.500000e+000	-5.000000e+000	9.999793e-001
6.500000000204494e-002	-5.000000e-001	-3.000000e+000	-3.500000e+000	-5.000000e+000	9.999793e-001
6.500000000210485e-002	-5.000000e-001	-3.000000e+000	-3.500000e+000	-5.000000e+000	9.999793e-001
6.500000000222467e-002	-5.000000e-001	-3.000000e+000	-3.500000e+000	-5.000000e+000	9.999793e-001
6.500000000236567e-002	-5.000000e-001	-3.000000e+000	-3.500000e+000	-5.000000e+000	9.999793e-001
6.500000000264765e-002	-5.000000e-001	-3.000000e+000	-3.500000e+000	-5.000000e+000	9.999793e-001
6.500000000321163e-002	-5.000000e-001	-3.000000e+000	-3.500000e+000	-5.000000e+000	9.999793e-001
6.500000000433957e-002	-5.000000e-001	-3.000000e+000	-3.500000e+000	-5.000000e+000	9.999793e-001
6.500000000659546e-002	-5.000000e-001	-3.000000e+000	-3.500000e+000	-5.000000e+000	9.999791e-001
6.500000001110724e-002	-5.000000e-001	-3.000000e+000	-3.500000e+000	-5.000000e+000	9.999790e-001
6.500000002013082e-002	-5.000000e-001	-3.000000e+000	-3.500000e+000	-5.000000e+000	9.999786e-001
6.500000003817796e-002	-5.000000e-001	-3.000000e+000	-3.500000e+000	-5.000000e+000	9.999779e-001
6.500000006066807e-002	-5.000000e-001	-3.000000e+000	-3.500000e+000	-5.000000e+000	9.999772e-001
6.500000008473185e-002	-5.000000e-001	-3.000000e+000	-3.500000e+000	-5.000000e+000	9.999769e-001
6.500000010623420e-002	-5.000000e-001	-3.000000e+000	-3.500000e+000	-5.000000e+000	9.999769e-001
6.500000013135193e-002	-5.000000e-001	-3.000000e+000	-3.500000e+000	-5.000000e+000	9.999769e-001
6.500000017004860e-002	-5.000000e-001	-3.000000e+000	-3.500000e+000	-5.000000e+000	9.999769e-001
6.500000024744196e-002	-5.000000e-001	-3.000000e+000	-3.500000e+000	-5.000000e+000	9.999769e-001
6.500000040222866e-002	-5.000000e-001	-3.000000e+000	-3.500000e+000	-5.000000e+000	9.999769e-001
6.500000071180206e-002	-5.000000e-001	-3.000000e+000	-3.500000e+000	-5.000000e+000	9.999769e-001
6.500000131789092e-002	-5.000000e-001	-3.000000e+000	-3.500000e+000	-5.000000e+000	9.999769e-001
6.500000231584659e-002	-5.000000e-001	-3.000000e+000	-3.500000e+000	-5.000000e+000	9.999769e-001
6.500000417542418e-002	-5.000000e-001	-3.000000e+000	-3.500000e+000	-5.000000e+000	9.999769e-001
6.500000753708299e-002	-5.000000e-001	-3.000000e+000	-3.500000e+000	-5.000000e+000	9.999770e-001
6.500001426040060e-002	-5.000000e-001	-3.000000e+000	-3.500000e+000	-5.000000e+000	9.999771e-001
6.500002770703584e-002	-5.000000e-001	-3.000000e+000	-3.500000e+000	-5.000000e+000	9.999773e-001
6.500005460030631e-002	-5.000000e-001	-3.000000e+000	-3.500000e+000	-5.000000e+000	9.999776e-001
6.500010838684724e-002	-5.000000e-001	-3.000000e+000	-3.500000e+000	-5.000000e+000	9.999783e-001
6.500021595992911e-002	-5.000000e-001	-3.000000e+000	-3.500000e+000	-5.000000e+000	9.999796e-001
6.500043110609285e-002	-5.000000e-001	-3.000000e+000	-3.500000e+000	-5.000000e+000	9.999814e-001
6.500086139842033e-002	-5.000000e-001	-3.000000e+000	-3.500000e+000	-5.000000e+000	9.999840e-001
6.500096897150220e-002	-5.000000e-001	-3.000000e+000	-3.500000e+000	-5.000000e+000	9.999844e-001
6.500118411766595e-002	-5.000000e-001	-3.000000e+000	-3.500000e+000	-5.000000e+000	9.999849e-001
6.500161440999343e-002	-5.000000e-001	-3.000000e+000	-3.500000e+000	-5.000000e+000	9.999855e-001
6.500935967188809e-002	-5.000000e-001	-3.000000e+000	-3.500000e+000	-5.000000e+000	9.999860e-001
6.501710493378275e-002	-5.000000e-001	-3.000000e+000	-3.500000e+000	-5.000000e+000	9.999864e-001
6.502485019567741e-002	-5.000000e-001	-3.000000e+000	-3.500000e+000	-5.000000e+000	9.999866e-001
6.503259545757206e-002	-5.000000e-001	-3.000000e+000	-3.500000e+000	-5.000000e+000	9.999868e-001
6.504034071946672e-002	-5.000000e-001	-3.000000e+000	-3.500000e+000	-5.000000e+000	9.999867e-001
6.504808598136139e-002	-5.000000e-001	-3.000000e+000	-3.500000e+000	-5.000000e+000	9.999866e-001
6.505583124325605e-002	-5.000000e-001	-3.000000e+000	-3.500000e+000	-5.000000e+000	9.999864e-001
6.999999999999999e-002	-5.000000e-001	-3.000000e+000	-3.500000e+000	-5.000000e+000	9.999864e-001
7.000000000010000e-002	-5.999895e-001	-3.000000e+000	-3.500000e+000	-5.000000e+000	9.999864e-001
7.000000000030000e-002	-7.999961e-001	-3.000000e+000	-3.500000e+000	-5.000000e+000	9.999863e-001
7.000000000070000e-002	-1.199996e+000	-3.000000e+000	-3.500000e+000	-5.000000e+000	9.999862e-001
7.000000000100000e-002	-1.499992e+000	-3.000000e+000	-3.500000e+000	-5.000000e+000	9.999861e-001
7.000000000103124e-002	-1.500000e+000	-2.968761e+000	-3.500000e+000	-5.000000e+000	9.999861e-001
7.000000000109373e-002	-1.500000e+000	-2.906269e+000	-3.500000e+000	-5.000000e+000	9.999862e-001
7.000000000121870e-002	-1.500000e+000	-2.781300e+000	-3.500000e+000	-5.000000e+000	9.999862e-001
7.000000000140458e-002	-1.500000e+000	-2.595421e+000	-3.500000e+000	-5.000000e+000	9.999864e-001
7.000000000162233e-002	-1.500000e+000	-2.377665e+000	-3.500000e+000	-5.000000e+000	9.999865e-001
7.000000000200000e-002	-1.500000e+000	-2.000000e+000	-3.500000e+000	-5.000000e+000	9.999868e-001
7.000000000204355e-002	-1.500000e+000	-2.000000e+000	-3.500000e+000	-5.000000e+000	9.999868e-001
7.000000000213066e-002	-1.500000e+000	-2.000000e+000	-3.500000e+000	-5.000000e+000	9.999869e-001
7.000000000230487e-002	-1.500000e+000	-2.000000e+000	-3.500000e+000	-5.000000e+000	9.999868e-001
7.000000000256139e-002	-1.500000e+000	-2.000000e+000	-3.500000e+000	-5.000000e+000	9.999868e-001
7.000000000297943e-002	-1.500000e+000	-2.000000e+000	-3.500000e+000	-5.000000e+000	9.999868e-001
7.000000000381551e-002	-1.500000e+000	-2.000000e+000	-3.500000e+000	-5.000000e+000	9.999868e-001
7.000000000548767e-002	-1.500000e+000	-2.000000e+000	-3.500000e+000	-5.000000e+000	9.999868e-001
7.000000000883200e-002	-1.500000e+000	-2.000000e+000	-3.500000e+000	-5.000000e+000	9.999868e-001
7.000000001552065e-002	-1.500000e+000	-2.000000e+000	-3.500000e+000	-5.000000e+000	9.999866e-001
7.000000002447669e-002	-1.500000e+000	-2.000000e+000	-3.500000e+000	-5.000000e+000	9.999865e-001
7.000000003473032e-002	-1.500000e+000	-2.000000e+000	-3.500000e+000	-5.000000e+000	9.999865e-001
7.000000004543849e-002	-1.500000e+000	-2.000000e+000	-3.500000e+000	-5.000000e+000	9.999864e-001
7.000000006685483e-002	-1.500000e+000	-2.000000e+000	-3.500000e+000	-5.000000e+000	9.999864e-001
7.000000010014923e-002	-1.500000e+000	-2.000000e+000	-3.500000e+000	-5.000000e+000	9.999864e-001
7.000000015732245e-002	-1.500000e+000	-2.000000e+000	-3.500000e+000	-5.000000e+000	9.999864e-001
7.000000025744241e-002	-1.500000e+000	-2.000000e+000	-3.500000e+000	-5.000000e+000	9.999864e-001
7.000000045768232e-002	-1.500000e+000	-2.000000e+000	-3.500000e+000	-5.000000e+000	9.999864e-001
7.000000085816213e-002	-1.500000e+000	-2.000000e+000	-3.500000e+000	-5.000000e+000	9.999864e-001
7.000000165912176e-002	-1.500000e+000	-2.000000e+000	-3.500000e+000	-5.000000e+000	9.999864e-001
7.000000326104103e-002	-1.500000e+000	-2.000000e+000	-3.500000e+000	-5.000000e+000	9.999864e-001
7.000000646487957e-002	-1.500000e+000	-2.000000e+000	-3.500000e+000	-5.000000e+000	9.999864e-001
7.000006413397321e-002	-1.500000e+000	-2.000000e+000	-3.500000e+000	-5.000000e+000	9.999864e-001
7.000012180306686e-002	-1.500000e+000	-2.000000e+000	-3.500000e+000	-5.000000e+000	9.999864e-001
7.000017947216050e-002	-1.500000e+000	-2.000000e+000	-3.500000e+000	-5.000000e+000	9.999864e-001
7.000023714125415e-002	-1.500000e+000	-2.000000e+000	-3.500000e+000	-5.000000e+000	9.999864e-001
7.000029481034779e-002	-1.500000e+000	-2.000000e+000	-3.500000e+000	-5.000000e+000	9.999864e-001
7.000035247944145e-002	-1.500000e+000	-2.000000e+000	-3.500000e+000	-5.000000e+000	9.999864e-001
7.000041014853509e-002	-1.500000e+000	-2.000000e+000	-3.500000e+000	-5.000000e+000	9.999864e-001
7.492187500100002e-002	-1.500000e+000	-2.000000e+000	-3.500000e+000	-5.000000e+000	9.999864e-001
7.500000000100000e-002	-1.500000e+000	-2.000000e+000	-3.500000e+000	-5.000000e+000	9.999864e-001
7.500000000110001e-002	-1.400001e+000	-2.000000e+000	-3.500000e+000	-5.000000e+000	9.999864e-001
7.500000000130001e-002	-1.199994e+000	-2.000000e+000	-3.500000e+000	-5.000000e+000	9.999864e-001
7.500000000161454e-002	-8.854681e-001	-2.000000e+000	-3.500000e+000	-5.000000e+000	9.999865e-001
7.500000000195477e-002	-5.452403e-001	-2.000000e+000	-3.500000e+000	-5.000000e+000	9.999866e-001
7.500000000200001e-002	-5.000000e-001	-2.000000e+000	-3.500000e+000	-5.000000e+000	9.999866e-001
7.500000000201276e-002	-5.000000e-001	-2.000000e+000	-3.500000e+000	-5.000000e+000	9.999866e-001
7.500000000203827e-002	-5.000000e-001	-2.000000e+000	-3.500000e+000	-5.000000e+000	9.999866e-001
7.500000000208928e-002	-5.000000e-001	-2.000000e+000	-3.500000e+000	-5.000000e+000	9.999866e-001
7.500000000219133e-002	-5.000000e-001	-2.000000e+000	-3.500000e+000	-5.000000e+000	9.999866e-001
7.500000000231552e-002	-5.000000e-001	-2.000000e+000	-3.500000e+000	-5.000000e+000	9.999866e-001
7.500000000256392e-002	-5.000000e-001	-2.000000e+000	-3.500000e+000	-5.000000e+000	9.999866e-001
7.500000000306070e-002	-5.000000e-001	-2.000000e+000	-3.500000e+000	-5.000000e+000	9.999866e-001
7.500000000405428e-002	-5.000000e-001	-2.000000e+000	-3.500000e+000	-5.000000e+000	9.999865e-001
7.500000000604143e-002	-5.000000e-001	-2.000000e+000	-3.500000e+000	-5.000000e+000	9.999865e-001
7.500000001001572e-002	-5.000000e-001	-2.000000e+000	-3.500000e+000	-5.000000e+000	9.999864e-001
7.500000001796432e-002	-5.000000e-001	-2.000000e+000	-3.500000e+000	-5.000000e+000	9.999864e-001
7.500000003353859e-002	-5.000000e-001	-2.000000e+000	-3.500000e+000	-5.000000e+000	9.999864e-001
7.500000005215834e-002	-5.000000e-001	-2.000000e+000	-3.500000e+000	-5.000000e+000	9.999864e-001
7.500000008747652e-002	-5.000000e-001	-2.000000e+000	-3.500000e+000	-5.000000e+000	9.999864e-001
7.500000015811287e-002	-5.000000e-001	-2.000000e+000	-3.500000e+000	-5.000000e+000	9.999864e-001
7.500000029938557e-002	-5.000000e-001	-2.000000e+000	-3.500000e+000	-5.000000e+000	9.999864e-001
7.500000054852427e-002	-5.000000e-001	-2.000000e+000	-3.500000e+000	-5.000000e+000	9.999864e-001
7.500000100203663e-002	-5.000000e-001	-2.000000e+000	-3.500000e+000	-5.000000e+000	9.999864e-001
7.500000179693804e-002	-5.000000e-001	-2.000000e+000	-3.500000e+000	-5.000000e+000	9.999864e-001
7.500000334819647e-002	-5.000000e-001	-2.000000e+000	-3.500000e+000	-5.000000e+000	9.999864e-001
7.500000605955345e-002	-5.000000e-001	-2.000000e+000	-3.500000e+000	-5.000000e+000	9.999864e-001
7.500001148226741e-002	-5.000000e-001	-2.000000e+000	-3.500000e+000	-5.000000e+000	9.999864e-001
7.500002152571908e-002	-5.000000e-001	-2.000000e+000	-3.500000e+000	-5.000000e+000	9.999864e-001
7.500004161262242e-002	-5.000000e-001	-2.000000e+000	-3.500000e+000	-5.000000e+000	9.999864e-001
7.500008178642909e-002	-5.000000e-001	-2.000000e+000	-3.500000e+000	-5.000000e+000	9.999864e-001
7.500016213404241e-002	-5.000000e-001	-2.000000e+000	-3.500000e+000	-5.000000e+000	9.999864e-001
7.500032282926908e-002	-5.000000e-001	-2.000000e+000	-3.500000e+000	-5.000000e+000	9.999864e-001
7.992602739486701e-002	-5.000000e-001	-2.000000e+000	-3.500000e+000	-5.000000e+000	9.999864e-001
8.000000000000000e-002	-5.000000e-001	-2.000000e+000	-3.500000e+000	-5.000000e+000	9.999864e-001
