time	V(a)-1.5	V(b)-3	V(c)-4.5	V(d)-6	V(out)
0.000000000000000e+000	-5.000000e-001	-2.000000e+000	-3.500000e+000	-5.000000e+000	9.999864e-001
9.999999824516700e-015	-5.100000e-001	-2.010000e+000	-3.510000e+000	-5.010000e+000	9.985986e-001
1.999999964903340e-014	-5.200000e-001	-2.020000e+000	-3.520000e+000	-5.020000e+000	9.970036e-001
3.999999929806680e-014	-5.400000e-001	-2.040000e+000	-3.540000e+000	-5.040000e+000	9.934866e-001
7.999999859613360e-014	-5.800000e-001	-2.080000e+000	-3.580000e+000	-5.080000e+000	9.862909e-001
1.599999971922672e-013	-6.600000e-001	-2.160000e+000	-3.660000e+000	-5.160000e+000	9.722759e-001
3.199999943845344e-013	-8.200000e-001	-2.320000e+000	-3.820000e+000	-5.320000e+000	9.457165e-001
6.399999887690688e-013	-1.140000e+000	-2.640000e+000	-4.140000e+000	-5.640000e+000	8.950393e-001
1.000000000000000e-012	-1.500000e+000	-3.000000e+000	-4.500000e+000	-6.000000e+000	8.395659e-001
1.037501796491895e-012	-1.500000e+000	-3.000000e+000	-4.500000e+000	-6.000000e+000	8.401942e-001
1.112505389475684e-012	-1.500000e+000	-3.000000e+000	-4.500000e+000	-6.000000e+000	8.424208e-001
1.262512575443263e-012	-1.500000e+000	-3.000000e+000	-4.500000e+000	-6.000000e+000	8.478041e-001
1.462284097366134e-012	-1.500000e+000	-3.000000e+000	-4.500000e+000	-6.000000e+000	8.548144e-001
1.725837588098365e-012	-1.500000e+000	-3.000000e+000	-4.500000e+000	-6.000000e+000	8.634804e-001
2.252944569562828e-012	-1.500000e+000	-3.000000e+000	-4.500000e+000	-6.000000e+000	8.791694e-001
3.307158532491752e-012	-1.500000e+000	-3.000000e+000	-4.500000e+000	-6.000000e+000	9.059528e-001
5.415586458349602e-012	-1.500000e+000	-3.000000e+000	-4.500000e+000	-6.000000e+000	9.483337e-001
9.632442310065301e-012	-1.500000e+000	-3.000000e+000	-4.500000e+000	-6.000000e+000	1.008239e+000
1.664605307072714e-011	-1.500000e+000	-3.000000e+000	-4.500000e+000	-6.000000e+000	1.066288e+000
2.425467413145189e-011	-1.500000e+000	-3.000000e+000	-4.500000e+000	-6.000000e+000	1.088488e+000
3.444711289198714e-011	-1.500000e+000	-3.000000e+000	-4.500000e+000	-6.000000e+000	1.047938e+000
4.660313392132405e-011	-1.500000e+000	-3.000000e+000	-4.500000e+000	-6.000000e+000	8.659184e-001
5.942405128035849e-011	-1.500000e+000	-3.000000e+000	-4.500000e+000	-6.000000e+000	5.516691e-001
7.075893618143726e-011	-1.500000e+000	-3.000000e+000	-4.500000e+000	-6.000000e+000	2.903382e-001
8.539543537699660e-011	-1.500000e+000	-3.000000e+000	-4.500000e+000	-6.000000e+000	9.877803e-002
1.012628286875215e-010	-1.500000e+000	-3.000000e+000	-4.500000e+000	-6.000000e+000	2.645761e-002
1.203336652482426e-010	-1.500000e+000	-3.000000e+000	-4.500000e+000	-6.000000e+000	7.386941e-003
1.408097268376049e-010	-1.500000e+000	-3.000000e+000	-4.500000e+000	-6.000000e+000	2.484561e-003
1.817618500163293e-010	-1.500000e+000	-3.000000e+000	-4.500000e+000	-6.000000e+000	4.326046e-004
2.366521343756034e-010	-1.500000e+000	-3.000000e+000	-4.500000e+000	-6.000000e+000	1.701863e-005
3.464327030941516e-010	-1.500000e+000	-3.000000e+000	-4.500000e+000	-6.000000e+000	4.476520e-005
5.414585875464498e-010	-1.500000e+000	-3.000000e+000	-4.500000e+000	-6.000000e+000	3.931371e-005
9.315103564510463e-010	-1.500000e+000	-3.000000e+000	-4.500000e+000	-6.000000e+000	4.157198e-005
1.711613894260239e-009	-1.500000e+000	-3.000000e+000	-4.500000e+000	-6.000000e+000	4.056500e-005
3.271820969878624e-009	-1.500000e+000	-3.000000e+000	-4.500000e+000	-6.000000e+000	4.103076e-005
6.392235121115396e-009	-1.500000e+000	-3.000000e+000	-4.500000e+000	-6.000000e+000	4.080255e-005
4.921875001000001e-003	-1.500000e+000	-3.000000e+000	-4.500000e+000	-6.000000e+000	4.087689e-005
5.000000001000001e-003	-1.500000e+000	-3.000000e+000	-4.500000e+000	-6.000000e+000	-1.244231e-004
5.000000001100000e-003	-1.400000e+000	-3.000000e+000	-4.500000e+000	-6.000000e+000	3.717314e-003
5.000000001300000e-003	-1.200000e+000	-3.000000e+000	-4.500000e+000	-6.000000e+000	1.108469e-002
5.000000001603514e-003	-8.964862e-001	-3.000000e+000	-4.500000e+000	-6.000000e+000	2.141289e-002
5.000000001936698e-003	-5.633022e-001	-3.000000e+000	-4.500000e+000	-6.000000e+000	3.169245e-002
5.000000002000000e-003	-5.000000e-001	-3.000000e+000	-4.500000e+000	-6.000000e+000	3.341125e-002
5.000000002014764e-003	-5.000000e-001	-3.000000e+000	-4.500000e+000	-6.000000e+000	3.324143e-002
5.000000002044290e-003	-5.000000e-001	-3.000000e+000	-4.500000e+000	-6.000000e+000	3.289228e-002
5.000000002103343e-003	-5.000000e-001	-3.000000e+000	-4.500000e+000	-6.000000e+000	3.229585e-002
5.000000002221448e-003	-5.000000e-001	-3.000000e+000	-4.500000e+000	-6.000000e+000	3.126714e-002
5.000000002361150e-003	-5.000000e-001	-3.000000e+000	-4.500000e+000	-6.000000e+000	3.008427e-002
5.000000002640553e-003	-5.000000e-001	-3.000000e+000	-4.500000e+000	-6.000000e+000	2.773294e-002
5.000000003199359e-003	-5.000000e-001	-3.000000e+000	-4.500000e+000	-6.000000e+000	2.313813e-002
5.000000004316972e-003	-5.000000e-001	-3.000000e+000	-4.500000e+000	-6.000000e+000	1.448020e-002
5.000000006552197e-003	-5.000000e-001	-3.000000e+000	-4.500000e+000	-6.000000e+000	-5.000576e-004
5.000000011022648e-003	-5.000000e-001	-3.000000e+000	-4.500000e+000	-6.000000e+000	-2.193323e-002
5.000000019963550e-003	-5.000000e-001	-3.000000e+000	-4.500000e+000	-6.000000e+000	-3.797839e-002
5.000000035062643e-003	-5.000000e-001	-3.000000e+000	-4.500000e+000	-6.000000e+000	2.582254e-002
5.000000057287397e-003	-5.000000e-001	-3.000000e+000	-4.500000e+000	-6.000000e+000	3.042125e-001
5.000000081748138e-003	-5.000000e-001	-3.000000e+000	-4.500000e+000	-6.000000e+000	7.017825e-001
5.000000100028964e-003	-5.000000e-001	-3.000000e+000	-4.500000e+000	-6.000000e+000	9.038565e-001
5.000000120588107e-003	-5.000000e-001	-3.000000e+000	-4.500000e+000	-6.000000e+000	9.808929e-001
5.000000142363550e-003	-5.000000e-001	-3.000000e+000	-4.500000e+000	-6.000000e+000	9.968339e-001
5.000000168744540e-003	-5.000000e-001	-3.000000e+000	-4.500000e+000	-6.000000e+000	9.994590e-001
5.000000221506522e-003	-5.000000e-001	-3.000000e+000	-4.500000e+000	-6.000000e+000	9.999307e-001
5.000000327030484e-003	-5.000000e-001	-3.000000e+000	-4.500000e+000	-6.000000e+000	9.999707e-001
5.000000538078408e-003	-5.000000e-001	-3.000000e+000	-4.500000e+000	-6.000000e+000	9.999730e-001
5.000000960174255e-003	-5.000000e-001	-3.000000e+000	-4.500000e+000	-6.000000e+000	9.999778e-001
5.000001760209464e-003	-5.000000e-001	-3.000000e+000	-4.500000e+000	-6.000000e+000	9.999778e-001
5.000003172902667e-003	-5.000000e-001	-3.000000e+000	-4.500000e+000	-6.000000e+000	9.999785e-001
5.000005612871748e-003	-5.000000e-001	-3.000000e+000	-4.500000e+000	-6.000000e+000	9.999783e-001
5.000010492809909e-003	-5.000000e-001	-3.000000e+000	-4.500000e+000	-6.000000e+000	9.999785e-001
5.000020252686231e-003	-5.000000e-001	-3.000000e+000	-4.500000e+000	-6.000000e+000	9.999784e-001
5.000039772438876e-003	-5.000000e-001	-3.000000e+000	-4.500000e+000	-6.000000e+000	9.999785e-001
5.000078811944166e-003	-5.000000e-001	-3.000000e+000	-4.500000e+000	-6.000000e+000	9.999785e-001
5.625328787347378e-003	-5.000000e-001	-3.000000e+000	-4.500000e+000	-6.000000e+000	9.999785e-001
6.250578762750591e-003	-5.000000e-001	-3.000000e+000	-4.500000e+000	-6.000000e+000	9.999785e-001
6.875828738153803e-003	-5.000000e-001	-3.000000e+000	-4.500000e+000	-6.000000e+000	9.999785e-001
7.501078713557015e-003	-5.000000e-001	-3.000000e+000	-4.500000e+000	-6.000000e+000	9.999785e-001
8.126328688960228e-003	-5.000000e-001	-3.000000e+000	-4.500000e+000	-6.000000e+000	9.999785e-001
8.751578664363439e-003	-5.000000e-001	-3.000000e+000	-4.500000e+000	-6.000000e+000	9.999785e-001
9.376828639766650e-003	-5.000000e-001	-3.000000e+000	-4.500000e+000	-6.000000e+000	9.999785e-001
9.923703639766650e-003	-5.000000e-001	-3.000000e+000	-4.500000e+000	-6.000000e+000	9.999785e-001
1.000000000000000e-002	-5.000000e-001	-3.000000e+000	-4.500000e+000	-6.000000e+000	9.999049e-001
1.000000000010000e-002	-5.999998e-001	-3.000000e+000	-4.500000e+000	-6.000000e+000	9.963815e-001
1.000000000030000e-002	-7.999996e-001	-3.000000e+000	-4.500000e+000	-6.000000e+000	9.896348e-001
1.000000000070000e-002	-1.199999e+000	-3.000000e+000	-4.500000e+000	-6.000000e+000	9.773188e-001
1.000000000100000e-002	-1.500000e+000	-3.000000e+000	-4.500000e+000	-6.000000e+000	9.692115e-001
1.000000000103134e-002	-1.500000e+000	-2.968660e+000	-4.500000e+000	-6.000000e+000	9.716666e-001
1.000000000109402e-002	-1.500000e+000	-2.905980e+000	-4.500000e+000	-6.000000e+000	9.771979e-001
1.000000000121938e-002	-1.500000e+000	-2.780620e+000	-4.500000e+000	-6.000000e+000	9.889246e-001
1.000000000140579e-002	-1.500000e+000	-2.594215e+000	-4.500000e+000	-6.000000e+000	1.006740e+000
1.000000000162456e-002	-1.500000e+000	-2.375446e+000	-4.500000e+000	-6.000000e+000	1.027804e+000
1.000000000200000e-002	-1.500000e+000	-2.000000e+000	-4.500000e+000	-6.000000e+000	1.063113e+000
1.000000000204375e-002	-1.500000e+000	-2.000000e+000	-4.500000e+000	-6.000000e+000	1.063185e+000
1.000000000213126e-002	-1.500000e+000	-2.000000e+000	-4.500000e+000	-6.000000e+000	1.062643e+000
1.000000000230628e-002	-1.500000e+000	-2.000000e+000	-4.500000e+000	-6.000000e+000	1.060899e+000
1.000000000256664e-002	-1.500000e+000	-2.000000e+000	-4.500000e+000	-6.000000e+000	1.058377e+000
1.000000000299273e-002	-1.500000e+000	-2.000000e+000	-4.500000e+000	-6.000000e+000	1.054648e+000
1.000000000384492e-002	-1.500000e+000	-2.000000e+000	-4.500000e+000	-6.000000e+000	1.048253e+000
1.000000000554928e-002	-1.500000e+000	-2.000000e+000	-4.500000e+000	-6.000000e+000	1.038132e+000
1.000000000895802e-002	-1.500000e+000	-2.000000e+000	-4.500000e+000	-6.000000e+000	1.023354e+000
1.000000001543176e-002	-1.500000e+000	-2.000000e+000	-4.500000e+000	-6.000000e+000	1.005364e+000
1.000000002463355e-002	-1.500000e+000	-2.000000e+000	-4.500000e+000	-6.000000e+000	9.933850e-001
1.000000003506753e-002	-1.500000e+000	-2.000000e+000	-4.500000e+000	-6.000000e+000	9.909830e-001
1.000000004596088e-002	-1.500000e+000	-2.000000e+000	-4.500000e+000	-6.000000e+000	9.932044e-001
1.000000006774758e-002	-1.500000e+000	-2.000000e+000	-4.500000e+000	-6.000000e+000	9.973096e-001
1.000000010187803e-002	-1.500000e+000	-2.000000e+000	-4.500000e+000	-6.000000e+000	9.995692e-001
1.000000016283878e-002	-1.500000e+000	-2.000000e+000	-4.500000e+000	-6.000000e+000	1.000002e+000
1.000000026059876e-002	-1.500000e+000	-2.000000e+000	-4.500000e+000	-6.000000e+000	9.999702e-001
1.000000045611873e-002	-1.500000e+000	-2.000000e+000	-4.500000e+000	-6.000000e+000	9.999810e-001
1.000000084715865e-002	-1.500000e+000	-2.000000e+000	-4.500000e+000	-6.000000e+000	9.999774e-001
1.000000162923852e-002	-1.500000e+000	-2.000000e+000	-4.500000e+000	-6.000000e+000	9.999789e-001
1.000000319339824e-002	-1.500000e+000	-2.000000e+000	-4.500000e+000	-6.000000e+000	9.999782e-001
1.000000632171768e-002	-1.500000e+000	-2.000000e+000	-4.500000e+000	-6.000000e+000	9.999784e-001
1.492187500100000e-002	-1.500000e+000	-2.000000e+000	-4.500000e+000	-6.000000e+000	9.999784e-001
1.500000000100000e-002	-1.499999e+000	-2.000000e+000	-4.500000e+000	-6.000000e+000	1.000047e+000
1.500000000110000e-002	-1.399999e+000	-2.000000e+000	-4.500000e+000	-6.000000e+000	1.003100e+000
1.500000000130000e-002	-1.200000e+000	-2.000000e+000	-4.500000e+000	-6.000000e+000	1.009119e+000
1.500000000161456e-002	-8.854439e-001	-2.000000e+000	-4.500000e+000	-6.000000e+000	1.018257e+000
1.500000000195477e-002	-5.452264e-001	-2.000000e+000	-4.500000e+000	-6.000000e+000	1.027708e+000
1.500000000200000e-002	-5.000000e-001	-2.000000e+000	-4.500000e+000	-6.000000e+000	1.028890e+000
1.500000000201277e-002	-5.000000e-001	-2.000000e+000	-4.500000e+000	-6.000000e+000	1.028774e+000
1.500000000203830e-002	-5.000000e-001	-2.000000e+000	-4.500000e+000	-6.000000e+000	1.028505e+000
1.500000000208937e-002	-5.000000e-001	-2.000000e+000	-4.500000e+000	-6.000000e+000	1.027988e+000
1.500000000219150e-002	-5.000000e-001	-2.000000e+000	-4.500000e+000	-6.000000e+000	1.027037e+000
1.500000000231572e-002	-5.000000e-001	-2.000000e+000	-4.500000e+000	-6.000000e+000	1.025936e+000
1.500000000256416e-002	-5.000000e-001	-2.000000e+000	-4.500000e+000	-6.000000e+000	1.023885e+000
1.500000000306104e-002	-5.000000e-001	-2.000000e+000	-4.500000e+000	-6.000000e+000	1.020288e+000
1.500000000405479e-002	-5.000000e-001	-2.000000e+000	-4.500000e+000	-6.000000e+000	1.014634e+000
1.500000000604231e-002	-5.000000e-001	-2.000000e+000	-4.500000e+000	-6.000000e+000	1.007340e+000
1.500000001001735e-002	-5.000000e-001	-2.000000e+000	-4.500000e+000	-6.000000e+000	1.000672e+000
1.500000001796742e-002	-5.000000e-001	-2.000000e+000	-4.500000e+000	-6.000000e+000	9.974331e-001
1.500000003110351e-002	-5.000000e-001	-2.000000e+000	-4.500000e+000	-6.000000e+000	9.979303e-001
1.500000005098173e-002	-5.000000e-001	-2.000000e+000	-4.500000e+000	-6.000000e+000	9.992585e-001
1.500000008577027e-002	-5.000000e-001	-2.000000e+000	-4.500000e+000	-6.000000e+000	9.998746e-001
1.500000015534733e-002	-5.000000e-001	-2.000000e+000	-4.500000e+000	-6.000000e+000	9.999651e-001
1.500000029450146e-002	-5.000000e-001	-2.000000e+000	-4.500000e+000	-6.000000e+000	9.999740e-001
1.500000054079461e-002	-5.000000e-001	-2.000000e+000	-4.500000e+000	-6.000000e+000	9.999774e-001
1.500000098539283e-002	-5.000000e-001	-2.000000e+000	-4.500000e+000	-6.000000e+000	9.999781e-001
1.500000177175207e-002	-5.000000e-001	-2.000000e+000	-4.500000e+000	-6.000000e+000	9.999784e-001
1.500000329246439e-002	-5.000000e-001	-2.000000e+000	-4.500000e+000	-6.000000e+000	9.999785e-001
1.500000597907881e-002	-5.000000e-001	-2.000000e+000	-4.500000e+000	-6.000000e+000	9.999785e-001
1.500001124140662e-002	-5.000000e-001	-2.000000e+000	-4.500000e+000	-6.000000e+000	9.999785e-001
1.500002153259284e-002	-5.000000e-001	-2.000000e+000	-4.500000e+000	-6.000000e+000	9.999785e-001
1.500004211496528e-002	-5.000000e-001	-2.000000e+000	-4.500000e+000	-6.000000e+000	9.999785e-001
1.500008327971015e-002	-5.000000e-001	-2.000000e+000	-4.500000e+000	-6.000000e+000	9.999785e-001
1.500016560919989e-002	-5.000000e-001	-2.000000e+000	-4.500000e+000	-6.000000e+000	9.999785e-001
1.500033026817938e-002	-5.000000e-001	-2.000000e+000	-4.500000e+000	-6.000000e+000	9.999785e-001
1.992805634771879e-002	-5.000000e-001	-2.000000e+000	-4.500000e+000	-6.000000e+000	9.999785e-001
2.000000000000000e-002	-5.000000e-001	-2.000000e+000	-4.500000e+000	-6.000000e+000	9.999720e-001
2.000000000010000e-002	-5.999998e-001	-2.100000e+000	-4.500000e+000	-6.000000e+000	9.885498e-001
2.000000000030000e-002	-7.999996e-001	-2.300000e+000	-4.500000e+000	-6.000000e+000	9.665442e-001
2.000000000070000e-002	-1.199999e+000	-2.699999e+000	-4.500000e+000	-6.000000e+000	9.249149e-001
2.000000000100000e-002	-1.499999e+000	-2.999999e+000	-4.500000e+000	-6.000000e+000	8.949629e-001
2.000000000104289e-002	-1.500000e+000	-3.000000e+000	-4.457114e+000	-6.000000e+000	8.961158e-001
2.000000000112866e-002	-1.500000e+000	-3.000000e+000	-4.371342e+000	-6.000000e+000	8.991174e-001
2.000000000130020e-002	-1.500000e+000	-3.000000e+000	-4.199799e+000	-6.000000e+000	9.055447e-001
2.000000000147427e-002	-1.500000e+000	-3.000000e+000	-4.025734e+000	-6.000000e+000	9.116808e-001
2.000000000176620e-002	-1.500000e+000	-3.000000e+000	-3.733800e+000	-6.000000e+000	9.210867e-001
2.000000000200000e-002	-1.500000e+000	-3.000000e+000	-3.500000e+000	-6.000000e+000	9.279477e-001
2.000000000203921e-002	-1.500000e+000	-3.000000e+000	-3.500000e+000	-6.000000e+000	9.283592e-001
2.000000000211763e-002	-1.500000e+000	-3.000000e+000	-3.500000e+000	-6.000000e+000	9.291995e-001
2.000000000227446e-002	-1.500000e+000	-3.000000e+000	-3.500000e+000	-6.000000e+000	9.309070e-001
2.000000000248643e-002	-1.500000e+000	-3.000000e+000	-3.500000e+000	-6.000000e+000	9.331484e-001
2.000000000280575e-002	-1.500000e+000	-3.000000e+000	-3.500000e+000	-6.000000e+000	9.363345e-001
2.000000000344439e-002	-1.500000e+000	-3.000000e+000	-3.500000e+000	-6.000000e+000	9.422497e-001
2.000000000472168e-002	-1.500000e+000	-3.000000e+000	-3.500000e+000	-6.000000e+000	9.530594e-001
2.000000000727626e-002	-1.500000e+000	-3.000000e+000	-3.500000e+000	-6.000000e+000	9.723274e-001
2.000000001238542e-002	-1.500000e+000	-3.000000e+000	-3.500000e+000	-6.000000e+000	1.004213e+000
2.000000002033307e-002	-1.500000e+000	-3.000000e+000	-3.500000e+000	-6.000000e+000	1.033722e+000
2.000000002865088e-002	-1.500000e+000	-3.000000e+000	-3.500000e+000	-6.000000e+000	1.024517e+000
2.000000004121510e-002	-1.500000e+000	-3.000000e+000	-3.500000e+000	-6.000000e+000	9.678090e-001
2.000000005740646e-002	-1.500000e+000	-3.000000e+000	-3.500000e+000	-6.000000e+000	9.247558e-001
2.000000007242448e-002	-1.500000e+000	-3.000000e+000	-3.500000e+000	-6.000000e+000	9.382268e-001
2.000000009201230e-002	-1.500000e+000	-3.000000e+000	-3.500000e+000	-6.000000e+000	9.726539e-001
2.000000011382715e-002	-1.500000e+000	-3.000000e+000	-3.500000e+000	-6.000000e+000	9.897941e-001
2.000000014592757e-002	-1.500000e+000	-3.000000e+000	-3.500000e+000	-6.000000e+000	9.963568e-001
2.000000019150934e-002	-1.500000e+000	-3.000000e+000	-3.500000e+000	-6.000000e+000	9.983414e-001
2.000000028267289e-002	-1.500000e+000	-3.000000e+000	-3.500000e+000	-6.000000e+000	9.991119e-001
2.000000046499999e-002	-1.500000e+000	-3.000000e+000	-3.500000e+000	-6.000000e+000	9.995412e-001
2.000000082965419e-002	-1.500000e+000	-3.000000e+000	-3.500000e+000	-6.000000e+000	9.997700e-001
2.000000146249390e-002	-1.500000e+000	-3.000000e+000	-3.500000e+000	-6.000000e+000	9.998757e-001
2.000000265583629e-002	-1.500000e+000	-3.000000e+000	-3.500000e+000	-6.000000e+000	9.999282e-001
2.000000463696710e-002	-1.500000e+000	-3.000000e+000	-3.500000e+000	-6.000000e+000	9.999533e-001
2.000000859922870e-002	-1.500000e+000	-3.000000e+000	-3.500000e+000	-6.000000e+000	9.999669e-001
2.000001635817483e-002	-1.500000e+000	-3.000000e+000	-3.500000e+000	-6.000000e+000	9.999743e-001
2.000003187606710e-002	-1.500000e+000	-3.000000e+000	-3.500000e+000	-6.000000e+000	9.999778e-001
2.000006291185164e-002	-1.500000e+000	-3.000000e+000	-3.500000e+000	-6.000000e+000	9.999790e-001
2.497932857692423e-002	-1.500000e+000	-3.000000e+000	-3.500000e+000	-6.000000e+000	9.999791e-001
2.500000000100000e-002	-1.500000e+000	-3.000000e+000	-3.500000e+000	-6.000000e+000	9.999952e-001
2.500000000110000e-002	-1.400001e+000	-3.000000e+000	-3.500000e+000	-6.000000e+000	1.003332e+000
2.500000000130000e-002	-1.200001e+000	-3.000000e+000	-3.500000e+000	-6.000000e+000	1.009689e+000
2.500000000160280e-002	-8.971983e-001	-3.000000e+000	-3.500000e+000	-6.000000e+000	1.018536e+000
2.500000000193544e-002	-5.645617e-001	-3.000000e+000	-3.500000e+000	-6.000000e+000	1.027342e+000
2.500000000200000e-002	-5.000021e-001	-3.000000e+000	-3.500000e+000	-6.000000e+000	1.028844e+000
2.500000000201494e-002	-5.000000e-001	-3.000000e+000	-3.500000e+000	-6.000000e+000	1.028665e+000
2.500000000204480e-002	-5.000000e-001	-3.000000e+000	-3.500000e+000	-6.000000e+000	1.028325e+000
2.500000000210454e-002	-5.000000e-001	-3.000000e+000	-3.500000e+000	-6.000000e+000	1.027776e+000
2.500000000222402e-002	-5.000000e-001	-3.000000e+000	-3.500000e+000	-6.000000e+000	1.026836e+000
2.500000000236460e-002	-5.000000e-001	-3.000000e+000	-3.500000e+000	-6.000000e+000	1.025764e+000
2.500000000264576e-002	-5.000000e-001	-3.000000e+000	-3.500000e+000	-6.000000e+000	1.023663e+000
2.500000000320807e-002	-5.000000e-001	-3.000000e+000	-3.500000e+000	-6.000000e+000	1.019630e+000
2.500000000433270e-002	-5.000000e-001	-3.000000e+000	-3.500000e+000	-6.000000e+000	1.012239e+000
2.500000000658197e-002	-5.000000e-001	-3.000000e+000	-3.500000e+000	-6.000000e+000	1.000137e+000
2.500000001108049e-002	-5.000000e-001	-3.000000e+000	-3.500000e+000	-6.000000e+000	9.834321e-001
2.500000002007754e-002	-5.000000e-001	-3.000000e+000	-3.500000e+000	-6.000000e+000	9.650398e-001
2.500000003181295e-002	-5.000000e-001	-3.000000e+000	-3.500000e+000	-6.000000e+000	9.597095e-001
2.500000005528376e-002	-5.000000e-001	-3.000000e+000	-3.500000e+000	-6.000000e+000	9.738528e-001
2.500000007729044e-002	-5.000000e-001	-3.000000e+000	-3.500000e+000	-6.000000e+000	9.902461e-001
2.500000009950934e-002	-5.000000e-001	-3.000000e+000	-3.500000e+000	-6.000000e+000	9.985739e-001
2.500000012340271e-002	-5.000000e-001	-3.000000e+000	-3.500000e+000	-6.000000e+000	9.999643e-001
2.500000015653961e-002	-5.000000e-001	-3.000000e+000	-3.500000e+000	-6.000000e+000	9.999186e-001
2.500000022281341e-002	-5.000000e-001	-3.000000e+000	-3.500000e+000	-6.000000e+000	9.999795e-001
2.500000035536101e-002	-5.000000e-001	-3.000000e+000	-3.500000e+000	-6.000000e+000	9.999777e-001
2.500000062045621e-002	-5.000000e-001	-3.000000e+000	-3.500000e+000	-6.000000e+000	9.999864e-001
2.500000113901765e-002	-5.000000e-001	-3.000000e+000	-3.500000e+000	-6.000000e+000	9.999856e-001
2.500000201564793e-002	-5.000000e-001	-3.000000e+000	-3.500000e+000	-6.000000e+000	9.999869e-001
2.500000358558045e-002	-5.000000e-001	-3.000000e+000	-3.500000e+000	-6.000000e+000	9.999864e-001
2.500000653538597e-002	-5.000000e-001	-3.000000e+000	-3.500000e+000	-6.000000e+000	9.999868e-001
2.500001243499703e-002	-5.000000e-001	-3.000000e+000	-3.500000e+000	-6.000000e+000	9.999866e-001
2.500002423421913e-002	-5.000000e-001	-3.000000e+000	-3.500000e+000	-6.000000e+000	9.999868e-001
2.500004783266334e-002	-5.000000e-001	-3.000000e+000	-3.500000e+000	-6.000000e+000	9.999867e-001
2.500009502955176e-002	-5.000000e-001	-3.000000e+000	-3.500000e+000	-6.000000e+000	9.999868e-001
2.500018942332859e-002	-5.000000e-001	-3.000000e+000	-3.500000e+000	-6.000000e+000	9.999869e-001
2.500037821088227e-002	-5.000000e-001	-3.000000e+000	-3.500000e+000	-6.000000e+000	9.999869e-001
2.500075578598961e-002	-5.000000e-001	-3.000000e+000	-3.500000e+000	-6.000000e+000	1.000011e+000
2.500085017976645e-002	-5.000000e-001	-3.000000e+000	-3.500000e+000	-6.000000e+000	1.000007e+000
2.500103896732012e-002	-5.000000e-001	-3.000000e+000	-3.500000e+000	-6.000000e+000	9.999864e-001
2.500141654242747e-002	-5.000000e-001	-3.000000e+000	-3.500000e+000	-6.000000e+000	9.999864e-001
2.500217169264216e-002	-5.000000e-001	-3.000000e+000	-3.500000e+000	-6.000000e+000	9.999864e-001
2.995478317863573e-002	-5.000000e-001	-3.000000e+000	-3.500000e+000	-6.000000e+000	9.999864e-001
3.000000000000000e-002	-5.000000e-001	-3.000000e+000	-3.500000e+000	-6.000000e+000	9.999864e-001
3.000000000010000e-002	-5.999998e-001	-3.000000e+000	-3.500000e+000	-6.000000e+000	9.968152e-001
3.000000000030000e-002	-7.999996e-001	-3.000000e+000	-3.500000e+000	-6.000000e+000	9.907155e-001
3.000000000070000e-002	-1.199999e+000	-3.000000e+000	-3.500000e+000	-6.000000e+000	9.795302e-001
3.000000000100000e-002	-1.499999e+000	-3.000000e+000	-3.500000e+000	-6.000000e+000	9.721460e-001
3.000000000103133e-002	-1.500000e+000	-2.968671e+000	-3.500000e+000	-6.000000e+000	9.743646e-001
3.000000000109399e-002	-1.500000e+000	-2.906009e+000	-3.500000e+000	-6.000000e+000	9.793604e-001
3.000000000121932e-002	-1.500000e+000	-2.780682e+000	-3.500000e+000	-6.000000e+000	9.902076e-001
3.000000000140567e-002	-1.500000e+000	-2.594328e+000	-3.500000e+000	-6.000000e+000	1.007689e+000
3.000000000162426e-002	-1.500000e+000	-2.375739e+000	-3.500000e+000	-6.000000e+000	1.029205e+000
3.000000000200000e-002	-1.500000e+000	-2.000000e+000	-3.500000e+000	-6.000000e+000	1.065432e+000
3.000000000204372e-002	-1.500000e+000	-2.000000e+000	-3.500000e+000	-6.000000e+000	1.065387e+000
3.000000000213116e-002	-1.500000e+000	-2.000000e+000	-3.500000e+000	-6.000000e+000	1.064597e+000
3.000000000230603e-002	-1.500000e+000	-2.000000e+000	-3.500000e+000	-6.000000e+000	1.062334e+000
3.000000000256679e-002	-1.500000e+000	-2.000000e+000	-3.500000e+000	-6.000000e+000	1.059020e+000
3.000000000299348e-002	-1.500000e+000	-2.000000e+000	-3.500000e+000	-6.000000e+000	1.054008e+000
3.000000000384686e-002	-1.500000e+000	-2.000000e+000	-3.500000e+000	-6.000000e+000	1.045243e+000
3.000000000555363e-002	-1.500000e+000	-2.000000e+000	-3.500000e+000	-6.000000e+000	1.031563e+000
3.000000000896715e-002	-1.500000e+000	-2.000000e+000	-3.500000e+000	-6.000000e+000	1.014070e+000
3.000000001573562e-002	-1.500000e+000	-2.000000e+000	-3.500000e+000	-6.000000e+000	9.977368e-001
3.000000002504233e-002	-1.500000e+000	-2.000000e+000	-3.500000e+000	-6.000000e+000	9.919204e-001
3.000000003548584e-002	-1.500000e+000	-2.000000e+000	-3.500000e+000	-6.000000e+000	9.937756e-001
3.000000004658804e-002	-1.500000e+000	-2.000000e+000	-3.500000e+000	-6.000000e+000	9.966598e-001
3.000000006879243e-002	-1.500000e+000	-2.000000e+000	-3.500000e+000	-6.000000e+000	9.991494e-001
3.000000010376006e-002	-1.500000e+000	-2.000000e+000	-3.500000e+000	-6.000000e+000	9.999614e-001
3.000000016299661e-002	-1.500000e+000	-2.000000e+000	-3.500000e+000	-6.000000e+000	9.999900e-001
3.000000026657438e-002	-1.500000e+000	-2.000000e+000	-3.500000e+000	-6.000000e+000	9.999850e-001
3.000000047372992e-002	-1.500000e+000	-2.000000e+000	-3.500000e+000	-6.000000e+000	9.999864e-001
3.000000088804100e-002	-1.500000e+000	-2.000000e+000	-3.500000e+000	-6.000000e+000	9.999858e-001
3.000000171666317e-002	-1.500000e+000	-2.000000e+000	-3.500000e+000	-6.000000e+000	9.999863e-001
3.000000337390749e-002	-1.500000e+000	-2.000000e+000	-3.500000e+000	-6.000000e+000	9.999862e-001
3.000000668839613e-002	-1.500000e+000	-2.000000e+000	-3.500000e+000	-6.000000e+000	9.999864e-001
3.000006634919178e-002	-1.500000e+000	-2.000000e+000	-3.500000e+000	-6.000000e+000	9.999863e-001
3.000012600998742e-002	-1.500000e+000	-2.000000e+000	-3.500000e+000	-6.000000e+000	9.999863e-001
3.000018567078307e-002	-1.500000e+000	-2.000000e+000	-3.500000e+000	-6.000000e+000	9.999863e-001
3.000024533157871e-002	-1.500000e+000	-2.000000e+000	-3.500000e+000	-6.000000e+000	9.999863e-001
3.000030499237435e-002	-1.500000e+000	-2.000000e+000	-3.500000e+000	-6.000000e+000	9.999863e-001
3.000036465317000e-002	-1.500000e+000	-2.000000e+000	-3.500000e+000	-6.000000e+000	9.999863e-001
3.000042431396564e-002	-1.500000e+000	-2.000000e+000	-3.500000e+000	-6.000000e+000	9.999864e-001
3.492187500100000e-002	-1.500000e+000	-2.000000e+000	-3.500000e+000	-6.000000e+000	9.999864e-001
3.500000000100000e-002	-1.499997e+000	-2.000000e+000	-3.500000e+000	-6.000000e+000	1.000029e+000
3.500000000110000e-002	-1.400001e+000	-2.000000e+000	-3.500000e+000	-6.000000e+000	1.003232e+000
3.500000000130000e-002	-1.200001e+000	-2.000000e+000	-3.500000e+000	-6.000000e+000	1.009494e+000
3.500000000161484e-002	-8.851628e-001	-2.000000e+000	-3.500000e+000	-6.000000e+000	1.018869e+000
3.500000000195527e-002	-5.447268e-001	-2.000000e+000	-3.500000e+000	-6.000000e+000	1.028412e+000
3.500000000200000e-002	-5.000000e-001	-2.000000e+000	-3.500000e+000	-6.000000e+000	1.029576e+000
3.500000000201271e-002	-5.000000e-001	-2.000000e+000	-3.500000e+000	-6.000000e+000	1.029435e+000
3.500000000203812e-002	-5.000000e-001	-2.000000e+000	-3.500000e+000	-6.000000e+000	1.029114e+000
3.500000000208894e-002	-5.000000e-001	-2.000000e+000	-3.500000e+000	-6.000000e+000	1.028499e+000
3.500000000219058e-002	-5.000000e-001	-2.000000e+000	-3.500000e+000	-6.000000e+000	1.027357e+000
3.500000000231445e-002	-5.000000e-001	-2.000000e+000	-3.500000e+000	-6.000000e+000	1.026027e+000
3.500000000256220e-002	-5.000000e-001	-2.000000e+000	-3.500000e+000	-6.000000e+000	1.023543e+000
3.500000000305770e-002	-5.000000e-001	-2.000000e+000	-3.500000e+000	-6.000000e+000	1.019182e+000
3.500000000404871e-002	-5.000000e-001	-2.000000e+000	-3.500000e+000	-6.000000e+000	1.012424e+000
3.500000000603072e-002	-5.000000e-001	-2.000000e+000	-3.500000e+000	-6.000000e+000	1.004291e+000
3.500000000999474e-002	-5.000000e-001	-2.000000e+000	-3.500000e+000	-6.000000e+000	9.981748e-001
3.500000001792277e-002	-5.000000e-001	-2.000000e+000	-3.500000e+000	-6.000000e+000	9.968342e-001
3.500000003145103e-002	-5.000000e-001	-2.000000e+000	-3.500000e+000	-6.000000e+000	9.986591e-001
3.500000005068775e-002	-5.000000e-001	-2.000000e+000	-3.500000e+000	-6.000000e+000	9.998268e-001
3.500000008561710e-002	-5.000000e-001	-2.000000e+000	-3.500000e+000	-6.000000e+000	9.999706e-001
3.500000015547580e-002	-5.000000e-001	-2.000000e+000	-3.500000e+000	-6.000000e+000	9.999761e-001
3.500000029519319e-002	-5.000000e-001	-2.000000e+000	-3.500000e+000	-6.000000e+000	9.999851e-001
3.500000054422123e-002	-5.000000e-001	-2.000000e+000	-3.500000e+000	-6.000000e+000	9.999853e-001
3.500000098688105e-002	-5.000000e-001	-2.000000e+000	-3.500000e+000	-6.000000e+000	9.999864e-001
3.500000178244749e-002	-5.000000e-001	-2.000000e+000	-3.500000e+000	-6.000000e+000	9.999862e-001
3.500000329836808e-002	-5.000000e-001	-2.000000e+000	-3.500000e+000	-6.000000e+000	9.999864e-001
3.500000602565077e-002	-5.000000e-001	-2.000000e+000	-3.500000e+000	-6.000000e+000	9.999864e-001
3.500001124331036e-002	-5.000000e-001	-2.000000e+000	-3.500000e+000	-6.000000e+000	9.999864e-001
3.500002167862953e-002	-5.000000e-001	-2.000000e+000	-3.500000e+000	-6.000000e+000	9.999864e-001
3.500004186870685e-002	-5.000000e-001	-2.000000e+000	-3.500000e+000	-6.000000e+000	9.999864e-001
3.500008224886147e-002	-5.000000e-001	-2.000000e+000	-3.500000e+000	-6.000000e+000	9.999864e-001
3.500016300917071e-002	-5.000000e-001	-2.000000e+000	-3.500000e+000	-6.000000e+000	9.999864e-001
3.500032452978919e-002	-5.000000e-001	-2.000000e+000	-3.500000e+000	-6.000000e+000	9.999864e-001
3.992645004521592e-002	-5.000000e-001	-2.000000e+000	-3.500000e+000	-6.000000e+000	9.999864e-001
4.000000000000000e-002	-5.000000e-001	-2.000000e+000	-3.500000e+000	-6.000000e+000	9.999704e-001
4.000000000010000e-002	-5.999964e-001	-2.099996e+000	-3.599996e+000	-6.000000e+000	9.875700e-001
4.000000000030000e-002	-7.999961e-001	-2.299996e+000	-3.799996e+000	-6.000000e+000	9.634973e-001
4.000000000070000e-002	-1.199996e+000	-2.699996e+000	-4.199996e+000	-6.000000e+000	9.177101e-001
4.000000000100000e-002	-1.499999e+000	-2.999999e+000	-4.499999e+000	-6.000000e+000	8.849183e-001
4.000000000105253e-002	-1.500000e+000	-3.000000e+000	-4.500000e+000	-5.947466e+000	8.882226e-001
4.000000000115760e-002	-1.500000e+000	-3.000000e+000	-4.500000e+000	-5.842397e+000	8.959049e-001
4.000000000136774e-002	-1.500000e+000	-3.000000e+000	-4.500000e+000	-5.632259e+000	9.120827e-001
4.000000000159495e-002	-1.500000e+000	-3.000000e+000	-4.500000e+000	-5.405045e+000	9.289688e-001
4.000000000196414e-002	-1.500000e+000	-3.000000e+000	-4.500000e+000	-5.035861e+000	9.552261e-001
4.000000000200000e-002	-1.500000e+000	-3.000000e+000	-4.500000e+000	-5.000000e+000	9.576361e-001
4.000000000201442e-002	-1.500000e+000	-3.000000e+000	-4.500000e+000	-5.000000e+000	9.580364e-001
4.000000000204326e-002	-1.500000e+000	-3.000000e+000	-4.500000e+000	-5.000000e+000	9.585864e-001
4.000000000210092e-002	-1.500000e+000	-3.000000e+000	-4.500000e+000	-5.000000e+000	9.593109e-001
4.000000000221626e-002	-1.500000e+000	-3.000000e+000	-4.500000e+000	-5.000000e+000	9.605545e-001
4.000000000237482e-002	-1.500000e+000	-3.000000e+000	-4.500000e+000	-5.000000e+000	9.622077e-001
4.000000000269195e-002	-1.500000e+000	-3.000000e+000	-4.500000e+000	-5.000000e+000	9.653615e-001
4.000000000332619e-002	-1.500000e+000	-3.000000e+000	-4.500000e+000	-5.000000e+000	9.712127e-001
4.000000000459469e-002	-1.500000e+000	-3.000000e+000	-4.500000e+000	-5.000000e+000	9.815946e-001
4.000000000713167e-002	-1.500000e+000	-3.000000e+000	-4.500000e+000	-5.000000e+000	9.990916e-001
4.000000001220564e-002	-1.500000e+000	-3.000000e+000	-4.500000e+000	-5.000000e+000	1.023462e+000
4.000000002105396e-002	-1.500000e+000	-3.000000e+000	-4.500000e+000	-5.000000e+000	1.044036e+000
4.000000002907118e-002	-1.500000e+000	-3.000000e+000	-4.500000e+000	-5.000000e+000	1.047116e+000
4.000000003946054e-002	-1.500000e+000	-3.000000e+000	-4.500000e+000	-5.000000e+000	1.034473e+000
4.000000005407510e-002	-1.500000e+000	-3.000000e+000	-4.500000e+000	-5.000000e+000	1.009192e+000
4.000000007127225e-002	-1.500000e+000	-3.000000e+000	-4.500000e+000	-5.000000e+000	9.936336e-001
4.000000009032655e-002	-1.500000e+000	-3.000000e+000	-4.500000e+000	-5.000000e+000	9.921622e-001
4.000000011508836e-002	-1.500000e+000	-3.000000e+000	-4.500000e+000	-5.000000e+000	9.949453e-001
4.000000014626632e-002	-1.500000e+000	-3.000000e+000	-4.500000e+000	-5.000000e+000	9.970059e-001
4.000000020862222e-002	-1.500000e+000	-3.000000e+000	-4.500000e+000	-5.000000e+000	9.985015e-001
4.000000033333404e-002	-1.500000e+000	-3.000000e+000	-4.500000e+000	-5.000000e+000	9.992948e-001
4.000000057027159e-002	-1.500000e+000	-3.000000e+000	-4.500000e+000	-5.000000e+000	9.996495e-001
4.000000099143217e-002	-1.500000e+000	-3.000000e+000	-4.500000e+000	-5.000000e+000	9.998156e-001
4.000000179728881e-002	-1.500000e+000	-3.000000e+000	-4.500000e+000	-5.000000e+000	9.998972e-001
4.000000331597977e-002	-1.500000e+000	-3.000000e+000	-4.500000e+000	-5.000000e+000	9.999395e-001
4.000000627117184e-002	-1.500000e+000	-3.000000e+000	-4.500000e+000	-5.000000e+000	9.999607e-001
4.000001207703915e-002	-1.500000e+000	-3.000000e+000	-4.500000e+000	-5.000000e+000	9.999715e-001
4.000002368877378e-002	-1.500000e+000	-3.000000e+000	-4.500000e+000	-5.000000e+000	9.999766e-001
4.000004691224305e-002	-1.500000e+000	-3.000000e+000	-4.500000e+000	-5.000000e+000	9.999787e-001
4.492187500100000e-002	-1.500000e+000	-3.000000e+000	-4.500000e+000	-5.000000e+000	9.999791e-001
4.500000000100000e-002	-1.499997e+000	-3.000000e+000	-4.500000e+000	-5.000000e+000	9.999794e-001
4.500000000110001e-002	-1.399994e+000	-3.000000e+000	-4.500000e+000	-5.000000e+000	1.003314e+000
4.500000000130001e-002	-1.199994e+000	-3.000000e+000	-4.500000e+000	-5.000000e+000	1.009672e+000
4.500000000160259e-002	-8.974100e-001	-3.000000e+000	-4.500000e+000	-5.000000e+000	1.018517e+000
4.500000000193505e-002	-5.649537e-001	-3.000000e+000	-4.500000e+000	-5.000000e+000	1.027324e+000
4.500000000200000e-002	-5.000000e-001	-3.000000e+000	-4.500000e+000	-5.000000e+000	1.028836e+000
4.500000000201498e-002	-5.000000e-001	-3.000000e+000	-4.500000e+000	-5.000000e+000	1.028656e+000
4.500000000204495e-002	-5.000000e-001	-3.000000e+000	-4.500000e+000	-5.000000e+000	1.028316e+000
4.500000000210489e-002	-5.000000e-001	-3.000000e+000	-4.500000e+000	-5.000000e+000	1.027765e+000
4.500000000222477e-002	-5.000000e-001	-3.000000e+000	-4.500000e+000	-5.000000e+000	1.026819e+000
4.500000000236563e-002	-5.000000e-001	-3.000000e+000	-4.500000e+000	-5.000000e+000	1.025743e+000
4.500000000264737e-002	-5.000000e-001	-3.000000e+000	-4.500000e+000	-5.000000e+000	1.023634e+000
4.500000000321084e-002	-5.000000e-001	-3.000000e+000	-4.500000e+000	-5.000000e+000	1.019588e+000
4.500000000433778e-002	-5.000000e-001	-3.000000e+000	-4.500000e+000	-5.000000e+000	1.012181e+000
4.500000000659166e-002	-5.000000e-001	-3.000000e+000	-4.500000e+000	-5.000000e+000	1.000064e+000
4.500000001109943e-002	-5.000000e-001	-3.000000e+000	-4.500000e+000	-5.000000e+000	9.833437e-001
4.500000002011496e-002	-5.000000e-001	-3.000000e+000	-4.500000e+000	-5.000000e+000	9.649748e-001
4.500000003190706e-002	-5.000000e-001	-3.000000e+000	-4.500000e+000	-5.000000e+000	9.597195e-001
4.500000005549126e-002	-5.000000e-001	-3.000000e+000	-4.500000e+000	-5.000000e+000	9.740185e-001
4.500000007754070e-002	-5.000000e-001	-3.000000e+000	-4.500000e+000	-5.000000e+000	9.903877e-001
4.500000009972655e-002	-5.000000e-001	-3.000000e+000	-4.500000e+000	-5.000000e+000	9.986116e-001
4.500000012366223e-002	-5.000000e-001	-3.000000e+000	-4.500000e+000	-5.000000e+000	9.999661e-001
4.500000015691361e-002	-5.000000e-001	-3.000000e+000	-4.500000e+000	-5.000000e+000	9.999191e-001
4.500000022341636e-002	-5.000000e-001	-3.000000e+000	-4.500000e+000	-5.000000e+000	9.999797e-001
4.500000035642187e-002	-5.000000e-001	-3.000000e+000	-4.500000e+000	-5.000000e+000	9.999778e-001
4.500000062243288e-002	-5.000000e-001	-3.000000e+000	-4.500000e+000	-5.000000e+000	9.999864e-001
4.500000114369324e-002	-5.000000e-001	-3.000000e+000	-4.500000e+000	-5.000000e+000	9.999856e-001
4.500000202391081e-002	-5.000000e-001	-3.000000e+000	-4.500000e+000	-5.000000e+000	9.999869e-001
4.500000360119007e-002	-5.000000e-001	-3.000000e+000	-4.500000e+000	-5.000000e+000	9.999864e-001
4.500000656259136e-002	-5.000000e-001	-3.000000e+000	-4.500000e+000	-5.000000e+000	9.999868e-001
4.500001248539393e-002	-5.000000e-001	-3.000000e+000	-4.500000e+000	-5.000000e+000	9.999866e-001
4.500002433099909e-002	-5.000000e-001	-3.000000e+000	-4.500000e+000	-5.000000e+000	9.999867e-001
4.500004802220940e-002	-5.000000e-001	-3.000000e+000	-4.500000e+000	-5.000000e+000	9.999867e-001
4.500009540463002e-002	-5.000000e-001	-3.000000e+000	-4.500000e+000	-5.000000e+000	9.999868e-001
4.500019016947126e-002	-5.000000e-001	-3.000000e+000	-4.500000e+000	-5.000000e+000	9.999869e-001
4.500037969915374e-002	-5.000000e-001	-3.000000e+000	-4.500000e+000	-5.000000e+000	9.999869e-001
4.500075875851871e-002	-5.000000e-001	-3.000000e+000	-4.500000e+000	-5.000000e+000	1.000011e+000
4.500085352335995e-002	-5.000000e-001	-3.000000e+000	-4.500000e+000	-5.000000e+000	1.000007e+000
4.500104305304243e-002	-5.000000e-001	-3.000000e+000	-4.500000e+000	-5.000000e+000	9.999864e-001
4.500142211240740e-002	-5.000000e-001	-3.000000e+000	-4.500000e+000	-5.000000e+000	9.999864e-001
4.500218023113733e-002	-5.000000e-001	-3.000000e+000	-4.500000e+000	-5.000000e+000	9.999864e-001
4.500549327762975e-002	-5.000000e-001	-3.000000e+000	-4.500000e+000	-5.000000e+000	9.999864e-001
4.994950993470029e-002	-5.000000e-001	-3.000000e+000	-4.500000e+000	-5.000000e+000	9.999864e-001
5.000000000000000e-002	-5.000000e-001	-3.000000e+000	-4.500000e+000	-5.000000e+000	9.999864e-001
5.000000000010001e-002	-6.000034e-001	-3.000000e+000	-4.500000e+000	-5.000000e+000	9.968143e-001
5.000000000030001e-002	-8.000031e-001	-3.000000e+000	-4.500000e+000	-5.000000e+000	9.907125e-001
5.000000000070001e-002	-1.200003e+000	-3.000000e+000	-4.500000e+000	-5.000000e+000	9.795234e-001
5.000000000100000e-002	-1.499999e+000	-3.000000e+000	-4.500000e+000	-5.000000e+000	9.721373e-001
5.000000000103133e-002	-1.500000e+000	-2.968671e+000	-4.500000e+000	-5.000000e+000	9.743556e-001
5.000000000109400e-002	-1.500000e+000	-2.906006e+000	-4.500000e+000	-5.000000e+000	9.793532e-001
5.000000000121932e-002	-1.500000e+000	-2.780682e+000	-4.500000e+000	-5.000000e+000	9.902065e-001
5.000000000140568e-002	-1.500000e+000	-2.594324e+000	-4.500000e+000	-5.000000e+000	1.007701e+000
5.000000000162427e-002	-1.500000e+000	-2.375735e+000	-4.500000e+000	-5.000000e+000	1.029234e+000
5.000000000200000e-002	-1.500000e+000	-2.000001e+000	-4.500000e+000	-5.000000e+000	1.065484e+000
5.000000000204372e-002	-1.500000e+000	-2.000000e+000	-4.500000e+000	-5.000000e+000	1.065439e+000
5.000000000213115e-002	-1.500000e+000	-2.000000e+000	-4.500000e+000	-5.000000e+000	1.064646e+000
5.000000000230602e-002	-1.500000e+000	-2.000000e+000	-4.500000e+000	-5.000000e+000	1.062374e+000
5.000000000256678e-002	-1.500000e+000	-2.000000e+000	-4.500000e+000	-5.000000e+000	1.059050e+000
5.000000000299347e-002	-1.500000e+000	-2.000000e+000	-4.500000e+000	-5.000000e+000	1.054024e+000
5.000000000384686e-002	-1.500000e+000	-2.000000e+000	-4.500000e+000	-5.000000e+000	1.045240e+000
5.000000000555362e-002	-1.500000e+000	-2.000000e+000	-4.500000e+000	-5.000000e+000	1.031547e+000
5.000000000896716e-002	-1.500000e+000	-2.000000e+000	-4.500000e+000	-5.000000e+000	1.014056e+000
5.000000001573289e-002	-1.500000e+000	-2.000000e+000	-4.500000e+000	-5.000000e+000	9.977416e-001
5.000000002504023e-002	-1.500000e+000	-2.000000e+000	-4.500000e+000	-5.000000e+000	9.919262e-001
5.000000003548367e-002	-1.500000e+000	-2.000000e+000	-4.500000e+000	-5.000000e+000	9.937750e-001
5.000000004658465e-002	-1.500000e+000	-2.000000e+000	-4.500000e+000	-5.000000e+000	9.966571e-001
5.000000006878659e-002	-1.500000e+000	-2.000000e+000	-4.500000e+000	-5.000000e+000	9.991487e-001
5.000000010374922e-002	-1.500000e+000	-2.000000e+000	-4.500000e+000	-5.000000e+000	9.999616e-001
5.000000016298290e-002	-1.500000e+000	-2.000000e+000	-4.500000e+000	-5.000000e+000	9.999899e-001
5.000000026653582e-002	-1.500000e+000	-2.000000e+000	-4.500000e+000	-5.000000e+000	9.999850e-001
5.000000047364167e-002	-1.500000e+000	-2.000000e+000	-4.500000e+000	-5.000000e+000	9.999864e-001
5.000000088785336e-002	-1.500000e+000	-2.000000e+000	-4.500000e+000	-5.000000e+000	9.999858e-001
5.000000171627675e-002	-1.500000e+000	-2.000000e+000	-4.500000e+000	-5.000000e+000	9.999862e-001
5.000000337312351e-002	-1.500000e+000	-2.000000e+000	-4.500000e+000	-5.000000e+000	9.999862e-001
5.000000668681705e-002	-1.500000e+000	-2.000000e+000	-4.500000e+000	-5.000000e+000	9.999864e-001
5.000006633330067e-002	-1.500000e+000	-2.000000e+000	-4.500000e+000	-5.000000e+000	9.999864e-001
5.000012597978429e-002	-1.500000e+000	-2.000000e+000	-4.500000e+000	-5.000000e+000	9.999864e-001
5.000018562626791e-002	-1.500000e+000	-2.000000e+000	-4.500000e+000	-5.000000e+000	9.999864e-001
5.000024527275153e-002	-1.500000e+000	-2.000000e+000	-4.500000e+000	-5.000000e+000	9.999864e-001
5.000030491923515e-002	-1.500000e+000	-2.000000e+000	-4.500000e+000	-5.000000e+000	9.999864e-001
5.000036456571877e-002	-1.500000e+000	-2.000000e+000	-4.500000e+000	-5.000000e+000	9.999864e-001
5.000042421220239e-002	-1.500000e+000	-2.000000e+000	-4.500000e+000	-5.000000e+000	9.999864e-001
5.492187500100000e-002	-1.500000e+000	-2.000000e+000	-4.500000e+000	-5.000000e+000	9.999864e-001
5.500000000100001e-002	-1.499997e+000	-2.000000e+000	-4.500000e+000	-5.000000e+000	1.000030e+000
5.500000000110000e-002	-1.400001e+000	-2.000000e+000	-4.500000e+000	-5.000000e+000	1.003234e+000
5.500000000130000e-002	-1.200001e+000	-2.000000e+000	-4.500000e+000	-5.000000e+000	1.009501e+000
5.500000000161484e-002	-8.851628e-001	-2.000000e+000	-4.500000e+000	-5.000000e+000	1.018882e+000
5.500000000195528e-002	-5.447268e-001	-2.000000e+000	-4.500000e+000	-5.000000e+000	1.028430e+000
5.500000000200001e-002	-5.000000e-001	-2.000000e+000	-4.500000e+000	-5.000000e+000	1.029595e+000
5.500000000201271e-002	-5.000000e-001	-2.000000e+000	-4.500000e+000	-5.000000e+000	1.029453e+000
5.500000000203812e-002	-5.000000e-001	-2.000000e+000	-4.500000e+000	-5.000000e+000	1.029133e+000
5.500000000208894e-002	-5.000000e-001	-2.000000e+000	-4.500000e+000	-5.000000e+000	1.028516e+000
5.500000000219058e-002	-5.000000e-001	-2.000000e+000	-4.500000e+000	-5.000000e+000	1.027372e+000
5.500000000231445e-002	-5.000000e-001	-2.000000e+000	-4.500000e+000	-5.000000e+000	1.026039e+000
5.500000000256221e-002	-5.000000e-001	-2.000000e+000	-4.500000e+000	-5.000000e+000	1.023550e+000
5.500000000305771e-002	-5.000000e-001	-2.000000e+000	-4.500000e+000	-5.000000e+000	1.019182e+000
5.500000000404871e-002	-5.000000e-001	-2.000000e+000	-4.500000e+000	-5.000000e+000	1.012417e+000
5.500000000603072e-002	-5.000000e-001	-2.000000e+000	-4.500000e+000	-5.000000e+000	1.004282e+000
5.500000000999473e-002	-5.000000e-001	-2.000000e+000	-4.500000e+000	-5.000000e+000	9.981719e-001
5.500000001792275e-002	-5.000000e-001	-2.000000e+000	-4.500000e+000	-5.000000e+000	9.968356e-001
5.500000003144188e-002	-5.000000e-001	-2.000000e+000	-4.500000e+000	-5.000000e+000	9.986583e-001
5.500000005068433e-002	-5.000000e-001	-2.000000e+000	-4.500000e+000	-5.000000e+000	9.998259e-001
5.500000008560126e-002	-5.000000e-001	-2.000000e+000	-4.500000e+000	-5.000000e+000	9.999707e-001
5.500000015543510e-002	-5.000000e-001	-2.000000e+000	-4.500000e+000	-5.000000e+000	9.999762e-001
5.500000029510278e-002	-5.000000e-001	-2.000000e+000	-4.500000e+000	-5.000000e+000	9.999851e-001
5.500000054411519e-002	-5.000000e-001	-2.000000e+000	-4.500000e+000	-5.000000e+000	9.999853e-001
5.500000098663690e-002	-5.000000e-001	-2.000000e+000	-4.500000e+000	-5.000000e+000	9.999864e-001
5.500000178208421e-002	-5.000000e-001	-2.000000e+000	-4.500000e+000	-5.000000e+000	9.999862e-001
5.500000329746971e-002	-5.000000e-001	-2.000000e+000	-4.500000e+000	-5.000000e+000	9.999864e-001
5.500000602451650e-002	-5.000000e-001	-2.000000e+000	-4.500000e+000	-5.000000e+000	9.999864e-001
5.500001124011153e-002	-5.000000e-001	-2.000000e+000	-4.500000e+000	-5.000000e+000	9.999864e-001
5.500002167130159e-002	-5.000000e-001	-2.000000e+000	-4.500000e+000	-5.000000e+000	9.999864e-001
5.500004185696306e-002	-5.000000e-001	-2.000000e+000	-4.500000e+000	-5.000000e+000	9.999864e-001
5.500008222828600e-002	-5.000000e-001	-2.000000e+000	-4.500000e+000	-5.000000e+000	9.999864e-001
5.500016297093189e-002	-5.000000e-001	-2.000000e+000	-4.500000e+000	-5.000000e+000	9.999864e-001
5.500032445622366e-002	-5.000000e-001	-2.000000e+000	-4.500000e+000	-5.000000e+000	9.999864e-001
5.992643195502657e-002	-5.000000e-001	-2.000000e+000	-4.500000e+000	-5.000000e+000	9.999864e-001
6.000000000000000e-002	-5.000000e-001	-2.000000e+000	-4.500000e+000	-5.000000e+000	9.999710e-001
6.000000000010000e-002	-6.000034e-001	-2.100003e+000	-4.500000e+000	-5.000000e+000	9.896614e-001
6.000000000030000e-002	-8.000031e-001	-2.300003e+000	-4.500000e+000	-5.000000e+000	9.696390e-001
6.000000000070000e-002	-1.200003e+000	-2.700003e+000	-4.500000e+000	-5.000000e+000	9.313490e-001
6.000000000100000e-002	-1.499999e+000	-2.999999e+000	-4.500000e+000	-5.000000e+000	9.035497e-001
6.000000000104465e-002	-1.500000e+000	-3.000000e+000	-4.455352e+000	-5.000000e+000	9.048291e-001
6.000000000113396e-002	-1.500000e+000	-3.000000e+000	-4.366041e+000	-5.000000e+000	9.080341e-001
6.000000000131257e-002	-1.500000e+000	-3.000000e+000	-4.187427e+000	-5.000000e+000	9.148462e-001
6.000000000151037e-002	-1.500000e+000	-3.000000e+000	-3.989627e+000	-5.000000e+000	9.220930e-001
6.000000000181661e-002	-1.500000e+000	-3.000000e+000	-3.683393e+000	-5.000000e+000	9.328032e-001
6.000000000200000e-002	-1.500000e+000	-3.000000e+000	-3.500000e+000	-5.000000e+000	9.388979e-001
6.000000000203624e-002	-1.500000e+000	-3.000000e+000	-3.500000e+000	-5.000000e+000	9.393660e-001
6.000000000210872e-002	-1.500000e+000	-3.000000e+000	-3.500000e+000	-5.000000e+000	9.402595e-001
6.000000000225368e-002	-1.500000e+000	-3.000000e+000	-3.500000e+000	-5.000000e+000	9.420077e-001
6.000000000245211e-002	-1.500000e+000	-3.000000e+000	-3.500000e+000	-5.000000e+000	9.443471e-001
6.000000000273405e-002	-1.500000e+000	-3.000000e+000	-3.500000e+000	-5.000000e+000	9.475423e-001
6.000000000329794e-002	-1.500000e+000	-3.000000e+000	-3.500000e+000	-5.000000e+000	9.535714e-001
6.000000000442570e-002	-1.500000e+000	-3.000000e+000	-3.500000e+000	-5.000000e+000	9.645845e-001
6.000000000668122e-002	-1.500000e+000	-3.000000e+000	-3.500000e+000	-5.000000e+000	9.837875e-001
6.000000001119227e-002	-1.500000e+000	-3.000000e+000	-3.500000e+000	-5.000000e+000	1.013053e+000
6.000000001878687e-002	-1.500000e+000	-3.000000e+000	-3.500000e+000	-5.000000e+000	1.041607e+000
6.000000002696641e-002	-1.500000e+000	-3.000000e+000	-3.500000e+000	-5.000000e+000	1.050660e+000
6.000000003821986e-002	-1.500000e+000	-3.000000e+000	-3.500000e+000	-5.000000e+000	1.039497e+000
6.000000005356893e-002	-1.500000e+000	-3.000000e+000	-3.500000e+000	-5.000000e+000	1.012262e+000
6.000000006961842e-002	-1.500000e+000	-3.000000e+000	-3.500000e+000	-5.000000e+000	9.953908e-001
6.000000008925599e-002	-1.500000e+000	-3.000000e+000	-3.500000e+000	-5.000000e+000	9.925902e-001
6.000000011348531e-002	-1.500000e+000	-3.000000e+000	-3.500000e+000	-5.000000e+000	9.949551e-001
6.000000014436147e-002	-1.500000e+000	-3.000000e+000	-3.500000e+000	-5.000000e+000	9.969571e-001
6.000000020412422e-002	-1.500000e+000	-3.000000e+000	-3.500000e+000	-5.000000e+000	9.984526e-001
6.000000032364970e-002	-1.500000e+000	-3.000000e+000	-3.500000e+000	-5.000000e+000	9.992637e-001
6.000000055354018e-002	-1.500000e+000	-3.000000e+000	-3.500000e+000	-5.000000e+000	9.996355e-001
6.000000096414850e-002	-1.500000e+000	-3.000000e+000	-3.500000e+000	-5.000000e+000	9.998096e-001
6.000000173927578e-002	-1.500000e+000	-3.000000e+000	-3.500000e+000	-5.000000e+000	9.998941e-001
6.000000321362479e-002	-1.500000e+000	-3.000000e+000	-3.500000e+000	-5.000000e+000	9.999381e-001
6.000000590647012e-002	-1.500000e+000	-3.000000e+000	-3.500000e+000	-5.000000e+000	9.999595e-001
6.000001129216079e-002	-1.500000e+000	-3.000000e+000	-3.500000e+000	-5.000000e+000	9.999707e-001
6.000002206354214e-002	-1.500000e+000	-3.000000e+000	-3.500000e+000	-5.000000e+000	9.999762e-001
6.000004360630482e-002	-1.500000e+000	-3.000000e+000	-3.500000e+000	-5.000000e+000	9.999785e-001
6.000008669183019e-002	-1.500000e+000	-3.000000e+000	-3.500000e+000	-5.000000e+000	9.999791e-001
6.000017286288091e-002	-1.500000e+000	-3.000000e+000	-3.500000e+000	-5.000000e+000	9.999791e-001
6.000034520498236e-002	-1.500000e+000	-3.000000e+000	-3.500000e+000	-5.000000e+000	9.999791e-001
6.492187500100000e-002	-1.500000e+000	-3.000000e+000	-3.500000e+000	-5.000000e+000	9.999791e-001
6.500000000099999e-002	-1.500000e+000	-3.000000e+000	-3.500000e+000	-5.000000e+000	9.999820e-001
6.500000000110000e-002	-1.400001e+000	-3.000000e+000	-3.500000e+000	-5.000000e+000	1.003308e+000
6.500000000130000e-002	-1.199994e+000	-3.000000e+000	-3.500000e+000	-5.000000e+000	1.009644e+000
6.500000000160278e-002	-8.972226e-001	-3.000000e+000	-3.500000e+000	-5.000000e+000	1.018454e+000
6.500000000193540e-002	-5.645998e-001	-3.000000e+000	-3.500000e+000	-5.000000e+000	1.027215e+000
6.500000000200000e-002	-5.000000e-001	-3.000000e+000	-3.500000e+000	-5.000000e+000	1.028708e+000
6.500000000201493e-002	-5.000000e-001	-3.000000e+000	-3.500000e+000	-5.000000e+000	1.028529e+000
6.500000000204481e-002	-5.000000e-001	-3.000000e+000	-3.500000e+000	-5.000000e+000	1.028188e+000
6.500000000210457e-002	-5.000000e-001	-3.000000e+000	-3.500000e+000	-5.000000e+000	1.027635e+000
6.500000000222408e-002	-5.000000e-001	-3.000000e+000	-3.500000e+000	-5.000000e+000	1.026686e+000
6.500000000236471e-002	-5.000000e-001	-3.000000e+000	-3.500000e+000	-5.000000e+000	1.025606e+000
6.500000000264594e-002	-5.000000e-001	-3.000000e+000	-3.500000e+000	-5.000000e+000	1.023493e+000
6.500000000320841e-002	-5.000000e-001	-3.000000e+000	-3.500000e+000	-5.000000e+000	1.019449e+000
6.500000000433336e-002	-5.000000e-001	-3.000000e+000	-3.500000e+000	-5.000000e+000	1.012072e+000
6.500000000658325e-002	-5.000000e-001	-3.000000e+000	-3.500000e+000	-5.000000e+000	1.000052e+000
6.500000001108304e-002	-5.000000e-001	-3.000000e+000	-3.500000e+000	-5.000000e+000	9.835131e-001
6.500000002008260e-002	-5.000000e-001	-3.000000e+000	-3.500000e+000	-5.000000e+000	9.652824e-001
6.500000003193547e-002	-5.000000e-001	-3.000000e+000	-3.500000e+000	-5.000000e+000	9.599102e-001
6.500000005564120e-002	-5.000000e-001	-3.000000e+000	-3.500000e+000	-5.000000e+000	9.740794e-001
6.500000007763869e-002	-5.000000e-001	-3.000000e+000	-3.500000e+000	-5.000000e+000	9.903770e-001
6.500000009977636e-002	-5.000000e-001	-3.000000e+000	-3.500000e+000	-5.000000e+000	9.986029e-001
6.500000012373484e-002	-5.000000e-001	-3.000000e+000	-3.500000e+000	-5.000000e+000	9.999685e-001
6.500000015702935e-002	-5.000000e-001	-3.000000e+000	-3.500000e+000	-5.000000e+000	9.999220e-001
6.500000022361835e-002	-5.000000e-001	-3.000000e+000	-3.500000e+000	-5.000000e+000	9.999790e-001
6.500000035679635e-002	-5.000000e-001	-3.000000e+000	-3.500000e+000	-5.000000e+000	9.999781e-001
6.500000062315234e-002	-5.000000e-001	-3.000000e+000	-3.500000e+000	-5.000000e+000	9.999863e-001
6.500000114634487e-002	-5.000000e-001	-3.000000e+000	-3.500000e+000	-5.000000e+000	9.999857e-001
6.500000202700502e-002	-5.000000e-001	-3.000000e+000	-3.500000e+000	-5.000000e+000	9.999869e-001
6.500000360988920e-002	-5.000000e-001	-3.000000e+000	-3.500000e+000	-5.000000e+000	9.999865e-001
6.500000657189808e-002	-5.000000e-001	-3.000000e+000	-3.500000e+000	-5.000000e+000	9.999868e-001
6.500001249591585e-002	-5.000000e-001	-3.000000e+000	-3.500000e+000	-5.000000e+000	9.999866e-001
6.500002434395137e-002	-5.000000e-001	-3.000000e+000	-3.500000e+000	-5.000000e+000	9.999868e-001
6.500004804002244e-002	-5.000000e-001	-3.000000e+000	-3.500000e+000	-5.000000e+000	9.999867e-001
6.500009543216455e-002	-5.000000e-001	-3.000000e+000	-3.500000e+000	-5.000000e+000	9.999868e-001
6.500019021644878e-002	-5.000000e-001	-3.000000e+000	-3.500000e+000	-5.000000e+000	9.999869e-001
6.500037978501724e-002	-5.000000e-001	-3.000000e+000	-3.500000e+000	-5.000000e+000	9.999869e-001
6.500075892215416e-002	-5.000000e-001	-3.000000e+000	-3.500000e+000	-5.000000e+000	1.000010e+000
6.500085370643839e-002	-5.000000e-001	-3.000000e+000	-3.500000e+000	-5.000000e+000	1.000006e+000
6.500104327500686e-002	-5.000000e-001	-3.000000e+000	-3.500000e+000	-5.000000e+000	9.999864e-001
6.500142241214378e-002	-5.000000e-001	-3.000000e+000	-3.500000e+000	-5.000000e+000	9.999864e-001
6.500218068641764e-002	-5.000000e-001	-3.000000e+000	-3.500000e+000	-5.000000e+000	9.999864e-001
6.994987315845476e-002	-5.000000e-001	-3.000000e+000	-3.500000e+000	-5.000000e+000	9.999864e-001
6.999999999999999e-002	-5.000000e-001	-3.000000e+000	-3.500000e+000	-5.000000e+000	9.999864e-001
7.000000000010000e-002	-5.999895e-001	-3.000000e+000	-3.500000e+000	-5.000000e+000	9.968157e-001
7.000000000030000e-002	-7.999961e-001	-3.000000e+000	-3.500000e+000	-5.000000e+000	9.907201e-001
7.000000000070000e-002	-1.199996e+000	-3.000000e+000	-3.500000e+000	-5.000000e+000	9.795541e-001
7.000000000100000e-002	-1.499992e+000	-3.000000e+000	-3.500000e+000	-5.000000e+000	9.721920e-001
7.000000000103133e-002	-1.500000e+000	-2.968664e+000	-3.500000e+000	-5.000000e+000	9.744141e-001
7.000000000109401e-002	-1.500000e+000	-2.905992e+000	-3.500000e+000	-5.000000e+000	9.794172e-001
7.000000000121935e-002	-1.500000e+000	-2.780648e+000	-3.500000e+000	-5.000000e+000	9.902734e-001
7.000000000140567e-002	-1.500000e+000	-2.594324e+000	-3.500000e+000	-5.000000e+000	1.007734e+000
7.000000000162426e-002	-1.500000e+000	-2.375735e+000	-3.500000e+000	-5.000000e+000	1.029187e+000
7.000000000200000e-002	-1.500000e+000	-2.000000e+000	-3.500000e+000	-5.000000e+000	1.065268e+000
7.000000000204372e-002	-1.500000e+000	-2.000000e+000	-3.500000e+000	-5.000000e+000	1.065215e+000
7.000000000213115e-002	-1.500000e+000	-2.000000e+000	-3.500000e+000	-5.000000e+000	1.064408e+000
7.000000000230602e-002	-1.500000e+000	-2.000000e+000	-3.500000e+000	-5.000000e+000	1.062112e+000
7.000000000256679e-002	-1.500000e+000	-2.000000e+000	-3.500000e+000	-5.000000e+000	1.058758e+000
7.000000000299350e-002	-1.500000e+000	-2.000000e+000	-3.500000e+000	-5.000000e+000	1.053699e+000
7.000000000384693e-002	-1.500000e+000	-2.000000e+000	-3.500000e+000	-5.000000e+000	1.044895e+000
7.000000000555379e-002	-1.500000e+000	-2.000000e+000	-3.500000e+000	-5.000000e+000	1.031251e+000
7.000000000896749e-002	-1.500000e+000	-2.000000e+000	-3.500000e+000	-5.000000e+000	1.013929e+000
7.000000001572013e-002	-1.500000e+000	-2.000000e+000	-3.500000e+000	-5.000000e+000	9.978523e-001
7.000000002502667e-002	-1.500000e+000	-2.000000e+000	-3.500000e+000	-5.000000e+000	9.920512e-001
7.000000003546916e-002	-1.500000e+000	-2.000000e+000	-3.500000e+000	-5.000000e+000	9.937919e-001
7.000000004656014e-002	-1.500000e+000	-2.000000e+000	-3.500000e+000	-5.000000e+000	9.966226e-001
7.000000006874209e-002	-1.500000e+000	-2.000000e+000	-3.500000e+000	-5.000000e+000	9.991300e-001
7.000000010365388e-002	-1.500000e+000	-2.000000e+000	-3.500000e+000	-5.000000e+000	9.999612e-001
7.000000016289042e-002	-1.500000e+000	-2.000000e+000	-3.500000e+000	-5.000000e+000	9.999903e-001
7.000000026626507e-002	-1.500000e+000	-2.000000e+000	-3.500000e+000	-5.000000e+000	9.999848e-001
7.000000047301437e-002	-1.500000e+000	-2.000000e+000	-3.500000e+000	-5.000000e+000	9.999865e-001
7.000000088651297e-002	-1.500000e+000	-2.000000e+000	-3.500000e+000	-5.000000e+000	9.999857e-001
7.000000171351016e-002	-1.500000e+000	-2.000000e+000	-3.500000e+000	-5.000000e+000	9.999863e-001
7.000000336750456e-002	-1.500000e+000	-2.000000e+000	-3.500000e+000	-5.000000e+000	9.999862e-001
7.000000667549336e-002	-1.500000e+000	-2.000000e+000	-3.500000e+000	-5.000000e+000	9.999864e-001
7.000006621929172e-002	-1.500000e+000	-2.000000e+000	-3.500000e+000	-5.000000e+000	9.999863e-001
7.000012576309009e-002	-1.500000e+000	-2.000000e+000	-3.500000e+000	-5.000000e+000	9.999863e-001
7.000018530688845e-002	-1.500000e+000	-2.000000e+000	-3.500000e+000	-5.000000e+000	9.999863e-001
7.000024485068682e-002	-1.500000e+000	-2.000000e+000	-3.500000e+000	-5.000000e+000	9.999863e-001
7.000030439448518e-002	-1.500000e+000	-2.000000e+000	-3.500000e+000	-5.000000e+000	9.999863e-001
7.000036393828354e-002	-1.500000e+000	-2.000000e+000	-3.500000e+000	-5.000000e+000	9.999863e-001
7.000042348208191e-002	-1.500000e+000	-2.000000e+000	-3.500000e+000	-5.000000e+000	9.999863e-001
7.492187500100002e-002	-1.500000e+000	-2.000000e+000	-3.500000e+000	-5.000000e+000	9.999863e-001
7.500000000100000e-002	-1.500000e+000	-2.000000e+000	-3.500000e+000	-5.000000e+000	1.000031e+000
7.500000000110001e-002	-1.400001e+000	-2.000000e+000	-3.500000e+000	-5.000000e+000	1.003225e+000
7.500000000130001e-002	-1.199994e+000	-2.000000e+000	-3.500000e+000	-5.000000e+000	1.009466e+000
7.500000000161483e-002	-8.851767e-001	-2.000000e+000	-3.500000e+000	-5.000000e+000	1.018803e+000
7.500000000195525e-002	-5.447546e-001	-2.000000e+000	-3.500000e+000	-5.000000e+000	1.028302e+000
7.500000000200001e-002	-5.000000e-001	-2.000000e+000	-3.500000e+000	-5.000000e+000	1.029460e+000
7.500000000201272e-002	-5.000000e-001	-2.000000e+000	-3.500000e+000	-5.000000e+000	1.029318e+000
7.500000000203815e-002	-5.000000e-001	-2.000000e+000	-3.500000e+000	-5.000000e+000	1.028997e+000
7.500000000208898e-002	-5.000000e-001	-2.000000e+000	-3.500000e+000	-5.000000e+000	1.028379e+000
7.500000000219066e-002	-5.000000e-001	-2.000000e+000	-3.500000e+000	-5.000000e+000	1.027231e+000
7.500000000231456e-002	-5.000000e-001	-2.000000e+000	-3.500000e+000	-5.000000e+000	1.025895e+000
7.500000000256235e-002	-5.000000e-001	-2.000000e+000	-3.500000e+000	-5.000000e+000	1.023404e+000
7.500000000305794e-002	-5.000000e-001	-2.000000e+000	-3.500000e+000	-5.000000e+000	1.019039e+000
7.500000000404912e-002	-5.000000e-001	-2.000000e+000	-3.500000e+000	-5.000000e+000	1.012297e+000
7.500000000603148e-002	-5.000000e-001	-2.000000e+000	-3.500000e+000	-5.000000e+000	1.004221e+000
7.500000000999618e-002	-5.000000e-001	-2.000000e+000	-3.500000e+000	-5.000000e+000	9.981925e-001
7.500000001792559e-002	-5.000000e-001	-2.000000e+000	-3.500000e+000	-5.000000e+000	9.968858e-001
7.500000003142242e-002	-5.000000e-001	-2.000000e+000	-3.500000e+000	-5.000000e+000	9.986630e-001
7.500000005070684e-002	-5.000000e-001	-2.000000e+000	-3.500000e+000	-5.000000e+000	9.998145e-001
7.500000008560653e-002	-5.000000e-001	-2.000000e+000	-3.500000e+000	-5.000000e+000	9.999705e-001
7.500000015540594e-002	-5.000000e-001	-2.000000e+000	-3.500000e+000	-5.000000e+000	9.999763e-001
7.500000029500474e-002	-5.000000e-001	-2.000000e+000	-3.500000e+000	-5.000000e+000	9.999850e-001
7.500000054400159e-002	-5.000000e-001	-2.000000e+000	-3.500000e+000	-5.000000e+000	9.999854e-001
7.500000098642969e-002	-5.000000e-001	-2.000000e+000	-3.500000e+000	-5.000000e+000	9.999864e-001
7.500000178173563e-002	-5.000000e-001	-2.000000e+000	-3.500000e+000	-5.000000e+000	9.999862e-001
7.500000329657240e-002	-5.000000e-001	-2.000000e+000	-3.500000e+000	-5.000000e+000	9.999864e-001
7.500000602361259e-002	-5.000000e-001	-2.000000e+000	-3.500000e+000	-5.000000e+000	9.999864e-001
7.500001123654873e-002	-5.000000e-001	-2.000000e+000	-3.500000e+000	-5.000000e+000	9.999864e-001
7.500002166242102e-002	-5.000000e-001	-2.000000e+000	-3.500000e+000	-5.000000e+000	9.999864e-001
7.500004189326684e-002	-5.000000e-001	-2.000000e+000	-3.500000e+000	-5.000000e+000	9.999864e-001
7.500008235495849e-002	-5.000000e-001	-2.000000e+000	-3.500000e+000	-5.000000e+000	9.999864e-001
7.500016327834179e-002	-5.000000e-001	-2.000000e+000	-3.500000e+000	-5.000000e+000	9.999864e-001
7.500032512510838e-002	-5.000000e-001	-2.000000e+000	-3.500000e+000	-5.000000e+000	9.999864e-001
7.992661697606907e-002	-5.000000e-001	-2.000000e+000	-3.500000e+000	-5.000000e+000	9.999864e-001
8.000000000000000e-002	-5.000000e-001	-2.000000e+000	-3.500000e+000	-5.000000e+000	9.999864e-001
