$ 1 0.000005 0.22070718156067046 99 5 43
d 304 64 256 64 2 default-led
d 352 64 304 64 2 default-led
d 256 112 304 112 2 default-led
d 304 112 352 112 2 default-led
d 304 160 256 160 2 default-led
d 256 208 304 208 2 default-led
r 304 176 352 176 0 3300
r 256 256 352 256 0 2200
r 128 320 208 320 0 1000
R 128 320 112 320 0 3 100 1 0 0 0.5
a 256 336 352 336 8 15 -15 1000000 -0.000016367423353049063 0 100000
w 256 320 208 320 0
w 256 256 256 320 0
w 256 208 256 256 0
w 256 160 256 208 0
w 256 112 256 160 0
w 256 64 256 112 0
w 352 64 352 112 0
w 352 112 352 176 0
w 352 176 352 256 0
w 352 256 352 336 0
w 352 336 400 336 0
w 304 208 304 176 0
w 304 160 304 176 0
g 256 352 256 368 0
o 21 8 0 28674 1.8680729711675947 0.0001 0 2 9 0
