$ 1 0.000005 0.48711659992454737 50 5 43
d 240 240 288 240 2 default
a 160 240 240 240 8 15 -15 1000000 0.12393588757992793 0 100000
a 336 224 448 224 8 15 -15 1000000 0.1222203166505856 0.1222215388537521 100000
w 288 240 336 240 0
w 336 208 336 160 0
w 336 160 448 160 0
w 448 160 448 224 0
w 160 256 144 256 0
w 144 256 144 288 0
w 288 240 288 160 0
r 288 160 144 160 0 10000
w 144 224 144 160 0
w 144 224 160 224 0
r 144 224 80 224 0 10000
g 144 288 144 304 0
w 448 224 496 224 0
R 80 224 64 224 0 1 1000 5 0 0 0.5
o 16 1 0 28674 4.999901302779643 0.0001 0 2 15 0
